0 0.8919270833333334 0.49398148148148147 0.043229166666666666 0.22314814814814815
0 0.56796875 0.5310185185185186 0.1015625 0.44907407407407407
0 0.26953125 0.549537037037037 0.1171875 0.5787037037037037
0 0.92265625 0.5032407407407408 0.03802083333333333 0.20462962962962963
0 0.98046875 0.4810185185185185 0.030729166666666665 0.21574074074074073
0 0.9502604166666667 0.5041666666666667 0.0328125 0.17685185185185184
0 0.8893229166666666 0.49675925925925923 0.05677083333333333 0.2657407407407407
0 0.80390625 0.49953703703703706 0.05677083333333333 0.25277777777777777
0 0.8799479166666667 0.5106481481481482 0.06510416666666667 0.2601851851851852
0 0.8169270833333333 0.5106481481481482 0.059895833333333336 0.2490740740740741
