0 0.9205729166666666 0.513425925925926 0.0484375 0.2916666666666667
0 0.83828125 0.500462962962963 0.0484375 0.23981481481481481
0 0.90078125 0.5875 0.0484375 0.19537037037037036
0 0.6184895833333334 0.5273148148148148 0.08385416666666666 0.3638888888888889
0 0.8815104166666666 0.5050925925925925 0.0515625 0.24166666666666667
0 0.9502604166666667 0.48657407407407405 0.0390625 0.22685185185185186
0 0.90390625 0.5078703703703704 0.0359375 0.19907407407407407
0 0.8330729166666667 0.500462962962963 0.0671875 0.2916666666666667
0 0.7544270833333333 0.4986111111111111 0.06197916666666667 0.287962962962963
0 0.8096354166666667 0.5180555555555556 0.06822916666666666 0.30092592592592593
0 0.75703125 0.5162037037037037 0.0671875 0.275
