0 0.88515625 0.48842592592592593 0.058854166666666666 0.23425925925925925
0 0.7731770833333333 0.5115740740740741 0.04739583333333333 0.2361111111111111
0 0.38203125 0.5310185185185186 0.08177083333333333 0.375
0 0.74921875 0.5662037037037037 0.0390625 0.15648148148148147
0 0.2747395833333333 0.4976851851851852 0.2859375 0.9935185185185185
0 0.35182291666666665 0.549537037037037 0.0859375 0.3712962962962963
0 0.5606770833333333 0.5189814814814815 0.09322916666666667 0.425
0 0.48203125 0.5560185185185185 0.0859375 0.36203703703703705
0 0.27005208333333336 0.5449074074074074 0.14947916666666666 0.6472222222222223
0 0.19244791666666666 0.5476851851851852 0.1171875 0.5861111111111111
0 0.81953125 0.49675925925925923 0.0421875 0.21388888888888888
