0 0.87109375 0.5143518518518518 0.0640625 0.2638888888888889
0 0.7971354166666667 0.5023148148148148 0.0515625 0.25092592592592594
0 0.8950520833333333 0.5791666666666667 0.0453125 0.20092592592592592
0 0.6330729166666667 0.5171296296296296 0.0734375 0.3175925925925926
0 0.8533854166666667 0.5078703703703704 0.0515625 0.25462962962962965
0 0.92578125 0.49027777777777776 0.044270833333333336 0.23425925925925925
0 0.8684895833333334 0.5097222222222222 0.03802083333333333 0.2064814814814815
0 0.80078125 0.5013888888888889 0.0734375 0.30833333333333335
0 0.7424479166666667 0.5032407407407408 0.06510416666666667 0.30462962962962964
0 0.7924479166666667 0.5226851851851851 0.0734375 0.33240740740740743
0 0.7127604166666667 0.5189814814814815 0.0703125 0.30648148148148147
