0 0.9283854166666666 0.5143518518518518 0.0453125 0.2972222222222222
0 0.8455729166666667 0.49953703703703706 0.0484375 0.23796296296296296
0 0.90859375 0.5875 0.049479166666666664 0.19907407407407407
0 0.6153645833333333 0.5300925925925926 0.0859375 0.3731481481481482
0 0.8861979166666667 0.5050925925925925 0.05260416666666667 0.23796296296296296
0 0.9549479166666667 0.48564814814814816 0.03802083333333333 0.225
0 0.9096354166666667 0.5078703703703704 0.03697916666666667 0.19537037037037036
0 0.8388020833333333 0.49953703703703706 0.06614583333333333 0.2898148148148148
0 0.7565104166666666 0.49953703703703706 0.06197916666666667 0.2861111111111111
0 0.8138020833333334 0.5171296296296296 0.06822916666666666 0.2953703703703704
0 0.7638020833333333 0.5152777777777777 0.06614583333333333 0.26944444444444443
