0 0.32838541666666665 0.5634259259259259 0.23489583333333333 0.8657407407407407
0 0.8450520833333334 0.49583333333333335 0.06822916666666666 0.2564814814814815
0 0.74765625 0.5125 0.04635416666666667 0.22314814814814815
0 0.31276041666666665 0.5356481481481481 0.08489583333333334 0.3731481481481482
0 0.71640625 0.5634259259259259 0.0359375 0.15092592592592594
0 0.5559895833333334 0.4986111111111111 0.20260416666666667 0.9916666666666667
0 0.24921875 0.5504629629629629 0.07447916666666667 0.36203703703703705
0 0.39036458333333335 0.5310185185185186 0.10052083333333334 0.49722222222222223
0 0.31536458333333334 0.5763888888888888 0.0984375 0.41388888888888886
0 0.75234375 0.4976851851851852 0.04739583333333333 0.21574074074074073
