0 0.86015625 0.5393518518518519 0.0609375 0.2212962962962963
0 0.73359375 0.5023148148148148 0.0578125 0.28055555555555556
0 0.9033854166666667 0.5773148148148148 0.04739583333333333 0.1935185185185185
0 0.6471354166666666 0.5171296296296296 0.06822916666666666 0.2916666666666667
0 0.7794270833333333 0.5087962962962963 0.06197916666666667 0.275
0 0.8690104166666667 0.49675925925925923 0.049479166666666664 0.26944444444444443
0 0.8158854166666667 0.513425925925926 0.04114583333333333 0.2212962962962963
0 0.76796875 0.5041666666666667 0.07239583333333334 0.3509259259259259
0 0.70390625 0.5078703703703704 0.06927083333333334 0.3435185185185185
0 0.7778645833333333 0.5226851851851851 0.0859375 0.3768518518518518
0 0.64765625 0.524537037037037 0.07552083333333333 0.35462962962962963
