0 0.38307291666666665 0.5717592592592593 0.22135416666666666 0.8490740740740741
0 0.83046875 0.4930555555555556 0.0703125 0.26944444444444443
0 0.7408854166666666 0.513425925925926 0.0453125 0.2175925925925926
0 0.30078125 0.5347222222222222 0.08385416666666666 0.3675925925925926
0 0.7091145833333333 0.5597222222222222 0.0359375 0.15092592592592594
0 0.6013020833333333 0.5013888888888889 0.2140625 0.9935185185185185
0 0.22786458333333334 0.549537037037037 0.07552083333333333 0.3527777777777778
0 0.32890625 0.5347222222222222 0.10260416666666666 0.5157407407407407
0 0.26848958333333334 0.5819444444444445 0.10260416666666666 0.4287037037037037
0 0.7341145833333333 0.4986111111111111 0.0484375 0.2175925925925926
