0 0.90078125 0.48564814814814816 0.0546875 0.225
0 0.78359375 0.5115740740740741 0.04739583333333333 0.24351851851851852
0 0.41692708333333334 0.5282407407407408 0.07864583333333333 0.3731481481481482
0 0.7658854166666667 0.5671296296296297 0.0390625 0.16203703703703703
0 0.10755208333333334 0.49583333333333335 0.20989583333333334 0.9898148148148148
0 0.4080729166666667 0.5430555555555555 0.0859375 0.3731481481481482
0 0.6044270833333333 0.5152777777777777 0.08489583333333334 0.4064814814814815
0 0.5325520833333334 0.5504629629629629 0.08072916666666667 0.3435185185185185
0 0.3580729166666667 0.5356481481481481 0.13802083333333334 0.5879629629629629
0 0.28151041666666665 0.5393518518518519 0.11197916666666667 0.5546296296296296
0 0.10911458333333333 0.5912037037037037 0.1484375 0.6990740740740741
0 0.8502604166666666 0.4949074074074074 0.043229166666666666 0.2101851851851852
