0 0.86015625 0.5013888888888889 0.0359375 0.1787037037037037
0 0.3768229166666667 0.5356481481481481 0.0859375 0.462037037037037
0 0.2674479166666667 0.5476851851851852 0.1296875 0.6194444444444445
0 0.8200520833333333 0.5050925925925925 0.0515625 0.2712962962962963
0 0.71171875 0.5143518518518518 0.04739583333333333 0.1787037037037037
0 0.9721354166666667 0.48564814814814816 0.04114583333333333 0.19166666666666668
0 0.96953125 0.5013888888888889 0.058854166666666666 0.21944444444444444
0 0.7393229166666667 0.5087962962962963 0.050520833333333334 0.21574074074074073
0 0.77578125 0.5069444444444444 0.0484375 0.22314814814814815
0 0.81484375 0.5087962962962963 0.0390625 0.175
