0 0.89296875 0.4875 0.05572916666666667 0.22870370370370371
0 0.7783854166666667 0.5115740740740741 0.04739583333333333 0.23981481481481481
0 0.3997395833333333 0.5300925925925926 0.0796875 0.3731481481481482
0 0.7575520833333333 0.5662037037037037 0.0390625 0.16018518518518518
0 0.18880208333333334 0.49583333333333335 0.29739583333333336 0.9898148148148148
0 0.3763020833333333 0.5486111111111112 0.09114583333333333 0.36944444444444446
0 0.5825520833333333 0.5162037037037037 0.0890625 0.41574074074074074
0 0.5096354166666667 0.5523148148148148 0.0828125 0.3509259259259259
0 0.3138020833333333 0.5402777777777777 0.14322916666666666 0.6157407407407407
0 0.23723958333333334 0.5430555555555555 0.11510416666666666 0.5694444444444444
0 0.06848958333333334 0.5967592592592592 0.1359375 0.7212962962962963
0 0.83515625 0.49583333333333335 0.0421875 0.21203703703703702
