0 0.9856770833333334 0.4828703703703704 0.0265625 0.1675925925925926
0 0.8205729166666667 0.5041666666666667 0.03802083333333333 0.17685185185185184
0 0.29348958333333336 0.5467592592592593 0.10885416666666667 0.5101851851851852
0 0.061197916666666664 0.5791666666666667 0.12135416666666667 0.7379629629629629
0 0.76484375 0.5115740740740741 0.0578125 0.2953703703703704
0 0.65234375 0.5115740740740741 0.0453125 0.17314814814814813
0 0.9559895833333333 0.48842592592592593 0.0421875 0.1935185185185185
0 0.96953125 0.5013888888888889 0.058854166666666666 0.21944444444444444
0 0.9768229166666667 0.4949074074074074 0.0359375 0.19166666666666668
0 0.8111979166666666 0.5060185185185185 0.05677083333333333 0.23981481481481481
0 0.84921875 0.5023148148148148 0.05572916666666667 0.23981481481481481
0 0.74921875 0.5106481481481482 0.03697916666666667 0.1675925925925926
