0 0.8596354166666667 0.5180555555555556 0.06197916666666667 0.2564814814814815
0 0.77421875 0.5041666666666667 0.05364583333333333 0.25833333333333336
0 0.89765625 0.5782407407407407 0.04635416666666667 0.19907407407407407
0 0.63828125 0.5171296296296296 0.07135416666666666 0.3101851851851852
0 0.8278645833333333 0.5078703703703704 0.0546875 0.262037037037037
0 0.9075520833333334 0.4930555555555556 0.04739583333333333 0.24351851851851852
0 0.84921875 0.5106481481481482 0.0390625 0.21203703703703702
0 0.7877604166666666 0.5032407407407408 0.07239583333333334 0.32314814814814813
0 0.7356770833333334 0.5050925925925925 0.06614583333333333 0.31203703703703706
0 0.78671875 0.5226851851851851 0.07864583333333333 0.3472222222222222
0 0.6888020833333334 0.5217592592592593 0.07239583333333334 0.32314814814814813
