0 0.56328125 0.6013888888888889 0.17760416666666667 0.7898148148148149
0 0.7690104166666667 0.48657407407407405 0.07864583333333333 0.30833333333333335
0 0.7330729166666666 0.5152777777777777 0.044270833333333336 0.21388888888888888
0 0.26848958333333334 0.5282407407407408 0.07552083333333333 0.33611111111111114
0 0.7044270833333334 0.5578703703703703 0.034895833333333334 0.14351851851851852
0 0.71171875 0.5282407407407408 0.1703125 0.8731481481481481
0 0.20494791666666667 0.5402777777777777 0.0671875 0.30833333333333335
0 0.12578125 0.5467592592592593 0.10885416666666667 0.5842592592592593
0 0.06432291666666666 0.5958333333333333 0.1046875 0.475
0 0.67421875 0.4986111111111111 0.05572916666666667 0.2175925925925926
