0 0.8513020833333333 0.5421296296296296 0.05572916666666667 0.21574074074074073
0 0.66796875 0.5050925925925925 0.06197916666666667 0.31203703703703706
0 0.91328125 0.5800925925925926 0.04635416666666667 0.19166666666666668
0 0.65546875 0.5162037037037037 0.06197916666666667 0.2675925925925926
0 0.70703125 0.5171296296296296 0.06510416666666667 0.2916666666666667
0 0.8158854166666667 0.5013888888888889 0.05572916666666667 0.30092592592592593
0 0.7658854166666667 0.5162037037037037 0.04739583333333333 0.23425925925925925
0 0.7299479166666667 0.5087962962962963 0.08385416666666666 0.3861111111111111
0 0.6544270833333333 0.5106481481481482 0.07239583333333334 0.3861111111111111
0 0.70390625 0.5356481481481481 0.09427083333333333 0.4212962962962963
0 0.58828125 0.5291666666666667 0.0796875 0.39351851851851855
