0 0.88203125 0.49953703703703706 0.03177083333333333 0.1787037037037037
0 0.42473958333333334 0.524537037037037 0.0734375 0.4361111111111111
0 0.40703125 0.5439814814814815 0.13177083333333334 0.549074074074074
0 0.8502604166666666 0.4986111111111111 0.04739583333333333 0.25833333333333336
0 0.75859375 0.5162037037037037 0.049479166666666664 0.1824074074074074
0 0.97890625 0.48564814814814816 0.03802083333333333 0.17685185185185184
0 0.96953125 0.5013888888888889 0.058854166666666666 0.21944444444444444
0 0.6934895833333333 0.5097222222222222 0.04635416666666667 0.19907407407407407
0 0.72890625 0.5097222222222222 0.044270833333333336 0.2101851851851852
0 0.8580729166666666 0.5078703703703704 0.04010416666666667 0.17685185185185184
