0 0.8356770833333333 0.5041666666666667 0.0390625 0.17685185185185184
0 0.32421875 0.5449074074074074 0.09947916666666666 0.49166666666666664
0 0.11171875 0.5671296296296297 0.15364583333333334 0.6990740740740741
0 0.78671875 0.5106481481481482 0.05572916666666667 0.2861111111111111
0 0.6705729166666666 0.5125 0.04635416666666667 0.175
0 0.9611979166666667 0.48842592592592593 0.0421875 0.1935185185185185
0 0.96953125 0.5013888888888889 0.058854166666666666 0.21944444444444444
0 0.78828125 0.5060185185185185 0.0546875 0.2324074074074074
0 0.8263020833333333 0.5041666666666667 0.05364583333333333 0.2361111111111111
0 0.7690104166666667 0.5106481481481482 0.03697916666666667 0.1712962962962963
