0 0.9591145833333333 0.48842592592592593 0.03177083333333333 0.18611111111111112
0 0.19348958333333333 0.5615740740740741 0.1796875 0.7842592592592592
0 0.7486979166666666 0.5069444444444444 0.03177083333333333 0.1787037037037037
0 0.10494791666666667 0.5587962962962963 0.14010416666666667 0.6046296296296296
0 0.64609375 0.5162037037037037 0.06822916666666666 0.3453703703703704
0 0.91953125 0.49212962962962964 0.04635416666666667 0.21203703703703702
0 0.96953125 0.5013888888888889 0.058854166666666666 0.21944444444444444
0 0.95078125 0.49398148148148147 0.044270833333333336 0.20833333333333334
0 0.9481770833333333 0.4949074074074074 0.049479166666666664 0.262037037037037
0 0.9799479166666667 0.48842592592592593 0.04010416666666667 0.2712962962962963
0 0.66953125 0.5115740740740741 0.033854166666666664 0.16203703703703703
