0 0.91796875 0.5143518518518518 0.049479166666666664 0.2898148148148148
0 0.8361979166666667 0.49953703703703706 0.0484375 0.24166666666666667
0 0.9002604166666667 0.5875 0.04739583333333333 0.19537037037037036
0 0.6190104166666667 0.5273148148148148 0.0828125 0.36018518518518516
0 0.8799479166666667 0.5050925925925925 0.05260416666666667 0.24166666666666667
0 0.94921875 0.48657407407407405 0.0390625 0.22685185185185186
0 0.9018229166666667 0.5078703703703704 0.0359375 0.19907407407407407
0 0.8309895833333333 0.500462962962963 0.0671875 0.2916666666666667
0 0.7533854166666667 0.4986111111111111 0.06197916666666667 0.287962962962963
0 0.8080729166666667 0.5180555555555556 0.06927083333333334 0.30092592592592593
0 0.75390625 0.5162037037037037 0.0671875 0.275
