0 0.90390625 0.5143518518518518 0.0546875 0.2824074074074074
0 0.8247395833333333 0.500462962962963 0.050520833333333334 0.24351851851851852
0 0.89765625 0.5837962962962963 0.04635416666666667 0.19907407407407407
0 0.6236979166666666 0.5226851851851851 0.0796875 0.3435185185185185
0 0.8721354166666667 0.5050925925925925 0.0515625 0.24537037037037038
0 0.9419270833333333 0.48842592592592593 0.04114583333333333 0.23055555555555557
0 0.8919270833333334 0.5087962962962963 0.03697916666666667 0.20092592592592592
0 0.8221354166666667 0.5013888888888889 0.06822916666666666 0.2972222222222222
0 0.7502604166666667 0.500462962962963 0.0640625 0.2916666666666667
0 0.80234375 0.5208333333333334 0.0703125 0.3101851851851852
0 0.7419270833333333 0.5171296296296296 0.06822916666666666 0.28425925925925927
