0 0.9684895833333333 0.47175925925925927 0.03802083333333333 0.1787037037037037
0 0.82890625 0.5171296296296296 0.0484375 0.262037037037037
0 0.5716145833333334 0.5162037037037037 0.06510416666666667 0.3490740740740741
0 0.8809895833333333 0.5773148148148148 0.044270833333333336 0.1787037037037037
0 0.6528645833333333 0.5078703703703704 0.05260416666666667 0.2324074074074074
0 0.61328125 0.5282407407407408 0.06927083333333334 0.3138888888888889
0 0.7486979166666666 0.5060185185185185 0.06302083333333333 0.3398148148148148
0 0.6940104166666666 0.5273148148148148 0.059895833333333336 0.2712962962962963
0 0.6330729166666667 0.513425925925926 0.10885416666666667 0.4546296296296296
0 0.5513020833333333 0.5180555555555556 0.07864583333333333 0.43425925925925923
0 0.53671875 0.5486111111111112 0.1078125 0.49537037037037035
0 0.4622395833333333 0.5439814814814815 0.09427083333333333 0.4564814814814815
0 0.9653645833333333 0.49027777777777776 0.044270833333333336 0.19722222222222222
