0 0.9856770833333334 0.4828703703703704 0.0265625 0.1675925925925926
0 0.8184895833333333 0.5041666666666667 0.03802083333333333 0.17685185185185184
0 0.28932291666666665 0.5476851851851852 0.10885416666666667 0.5120370370370371
0 0.76171875 0.5115740740740741 0.0578125 0.2953703703703704
0 0.6497395833333334 0.5115740740740741 0.044270833333333336 0.17314814814814813
0 0.9559895833333333 0.49027777777777776 0.0421875 0.1935185185185185
0 0.96953125 0.5013888888888889 0.058854166666666666 0.21944444444444444
0 0.97578125 0.49398148148148147 0.0359375 0.1935185185185185
0 0.8143229166666667 0.5050925925925925 0.05677083333333333 0.24166666666666667
0 0.8533854166666667 0.5032407407407408 0.05572916666666667 0.24166666666666667
0 0.7471354166666667 0.5106481481481482 0.03697916666666667 0.1675925925925926
