0 0.8528645833333334 0.5439814814814815 0.05677083333333333 0.21203703703703702
0 0.67421875 0.5041666666666667 0.06197916666666667 0.3101851851851852
0 0.9122395833333333 0.5791666666666667 0.04635416666666667 0.1935185185185185
0 0.6559895833333333 0.5162037037037037 0.06302083333333333 0.2712962962962963
0 0.7138020833333333 0.5162037037037037 0.06614583333333333 0.2898148148148148
0 0.8205729166666667 0.500462962962963 0.0546875 0.29907407407407405
0 0.7700520833333333 0.5162037037037037 0.04739583333333333 0.23425925925925925
0 0.7341145833333333 0.5078703703703704 0.08177083333333333 0.38425925925925924
0 0.65859375 0.5106481481481482 0.07239583333333334 0.3824074074074074
0 0.71484375 0.5347222222222222 0.09322916666666667 0.41574074074074074
0 0.5966145833333333 0.5291666666666667 0.0796875 0.38981481481481484
