0 0.8997395833333334 0.48657407407407405 0.0546875 0.22685185185185186
0 0.7825520833333334 0.5115740740740741 0.04739583333333333 0.24351851851851852
0 0.41380208333333335 0.5282407407407408 0.07864583333333333 0.3731481481481482
0 0.7638020833333333 0.5662037037037037 0.0390625 0.16018518518518518
0 0.12369791666666667 0.49583333333333335 0.24010416666666667 0.9898148148148148
0 0.40130208333333334 0.5430555555555555 0.08697916666666666 0.3731481481481482
0 0.5997395833333333 0.5162037037037037 0.0859375 0.4083333333333333
0 0.5278645833333333 0.5513888888888889 0.08177083333333333 0.3453703703703704
0 0.34921875 0.5365740740740741 0.1390625 0.5935185185185186
0 0.27317708333333335 0.5402777777777777 0.11197916666666667 0.5564814814814815
0 0.09765625 0.5930555555555556 0.1484375 0.7064814814814815
0 0.8471354166666667 0.49583333333333335 0.043229166666666666 0.21203703703703702
