0 0.42213541666666665 0.5782407407407407 0.21197916666666666 0.8361111111111111
0 0.81953125 0.48842592592592593 0.0734375 0.27870370370370373
0 0.7393229166666667 0.513425925925926 0.044270833333333336 0.2175925925925926
0 0.29192708333333334 0.5347222222222222 0.0828125 0.3638888888888889
0 0.7059895833333333 0.5587962962962963 0.0359375 0.14907407407407408
0 0.6299479166666667 0.5050925925925925 0.21302083333333333 0.975
0 0.21796875 0.5486111111111112 0.07447916666666667 0.3435185185185185
0 0.28463541666666664 0.5375 0.10364583333333334 0.5324074074074074
0 0.23307291666666666 0.5856481481481481 0.1046875 0.4398148148148148
0 0.72109375 0.4986111111111111 0.049479166666666664 0.2175925925925926
