0 0.33619791666666665 0.5643518518518519 0.23385416666666667 0.8638888888888889
0 0.8440104166666667 0.49675925925925923 0.06822916666666666 0.25833333333333336
0 0.7466145833333333 0.513425925925926 0.04635416666666667 0.2212962962962963
0 0.3106770833333333 0.5347222222222222 0.08489583333333334 0.3712962962962963
0 0.7153645833333333 0.5634259259259259 0.0359375 0.15092592592592594
0 0.5611979166666666 0.4986111111111111 0.20260416666666667 0.9916666666666667
0 0.24609375 0.5504629629629629 0.07447916666666667 0.36203703703703705
0 0.3815104166666667 0.5319444444444444 0.1015625 0.49907407407407406
0 0.30859375 0.5773148148148148 0.09947916666666666 0.41574074074074074
0 0.7497395833333333 0.4976851851851852 0.0484375 0.21574074074074073
