0 0.87578125 0.4912037037037037 0.0609375 0.23981481481481481
0 0.7669270833333334 0.5125 0.04739583333333333 0.23425925925925925
0 0.3611979166666667 0.5328703703703703 0.08385416666666666 0.3787037037037037
0 0.73984375 0.5671296296296297 0.03697916666666667 0.15462962962962962
0 0.3763020833333333 0.4986111111111111 0.27239583333333334 0.9953703703703703
0 0.32265625 0.5504629629629629 0.08177083333333333 0.3731481481481482
0 0.5221354166666666 0.5217592592592593 0.0953125 0.44166666666666665
0 0.44192708333333336 0.5606481481481481 0.0890625 0.375
0 0.21796875 0.549537037037037 0.15572916666666667 0.6824074074074075
0 0.13932291666666666 0.5513888888888889 0.12135416666666667 0.6046296296296296
0 0.8018229166666667 0.4976851851851852 0.0421875 0.21574074074074073
