0 0.92578125 0.513425925925926 0.04635416666666667 0.2953703703703704
0 0.8424479166666666 0.49953703703703706 0.0484375 0.23796296296296296
0 0.9049479166666666 0.5884259259259259 0.0484375 0.19722222222222222
0 0.6169270833333333 0.5291666666666667 0.08489583333333334 0.3675925925925926
0 0.8846354166666667 0.5041666666666667 0.0515625 0.23981481481481481
0 0.9533854166666667 0.48657407407407405 0.0390625 0.22685185185185186
0 0.9080729166666667 0.5078703703703704 0.0359375 0.19537037037037036
0 0.83671875 0.500462962962963 0.06614583333333333 0.2916666666666667
0 0.75546875 0.49953703703703706 0.06197916666666667 0.2861111111111111
0 0.81171875 0.5162037037037037 0.06822916666666666 0.2972222222222222
0 0.76171875 0.5162037037037037 0.06614583333333333 0.2712962962962963
