0 0.9315104166666667 0.4810185185185185 0.04739583333333333 0.20833333333333334
0 0.80546875 0.5162037037037037 0.04739583333333333 0.2564814814814815
0 0.4830729166666667 0.5236111111111111 0.07135416666666666 0.3675925925925926
0 0.8028645833333333 0.5726851851851852 0.04010416666666667 0.16574074074074074
0 0.63828125 0.5050925925925925 0.050520833333333334 0.21574074074074073
0 0.5013020833333334 0.5421296296296296 0.09114583333333333 0.3527777777777778
0 0.6888020833333334 0.5115740740740741 0.0703125 0.3731481481481482
0 0.6205729166666667 0.5412037037037037 0.07135416666666666 0.3138888888888889
0 0.5138020833333333 0.5199074074074074 0.12864583333333332 0.5268518518518519
0 0.41171875 0.5291666666666667 0.0953125 0.49722222222222223
0 0.30703125 0.5699074074074074 0.13802083333333334 0.5898148148148148
0 0.24244791666666668 0.5578703703703703 0.08385416666666666 0.5435185185185185
0 0.9080729166666667 0.4930555555555556 0.044270833333333336 0.2064814814814815
