0 0.5549479166666667 0.5995370370370371 0.1796875 0.7935185185185185
0 0.7721354166666666 0.48657407407407405 0.07864583333333333 0.30833333333333335
0 0.7330729166666666 0.5152777777777777 0.044270833333333336 0.21388888888888888
0 0.26901041666666664 0.5282407407407408 0.0765625 0.3398148148148148
0 0.7044270833333334 0.5587962962962963 0.034895833333333334 0.14537037037037037
0 0.7075520833333333 0.5273148148148148 0.17239583333333333 0.8787037037037037
0 0.20598958333333334 0.5402777777777777 0.0671875 0.30833333333333335
0 0.13463541666666667 0.5467592592592593 0.1078125 0.5805555555555556
0 0.07369791666666667 0.5949074074074074 0.1046875 0.47314814814814815
0 0.6768229166666667 0.4986111111111111 0.0546875 0.2175925925925926
