0 0.9361979166666666 0.4791666666666667 0.04635416666666667 0.20462962962962963
0 0.80859375 0.5171296296296296 0.04739583333333333 0.25833333333333336
0 0.49296875 0.5226851851851851 0.0703125 0.36574074074074076
0 0.81171875 0.5745370370370371 0.04114583333333333 0.16574074074074074
0 0.6403645833333333 0.5060185185185185 0.050520833333333334 0.2175925925925926
0 0.51484375 0.5402777777777777 0.0890625 0.3490740740740741
0 0.6955729166666667 0.5097222222222222 0.06927083333333334 0.36944444444444446
0 0.6346354166666667 0.5402777777777777 0.0703125 0.30833333333333335
0 0.53828125 0.5180555555555556 0.12760416666666666 0.5194444444444445
0 0.42994791666666665 0.5263888888888889 0.0921875 0.487962962962963
0 0.3346354166666667 0.5680555555555555 0.13489583333333333 0.5787037037037037
0 0.26796875 0.5560185185185185 0.08489583333333334 0.5324074074074074
0 0.9174479166666667 0.49212962962962964 0.044270833333333336 0.20462962962962963
