0 0.8518229166666667 0.5023148148148148 0.03802083333333333 0.17685185185185184
0 0.36015625 0.538425925925926 0.09010416666666667 0.47129629629629627
0 0.21640625 0.5513888888888889 0.13177083333333334 0.6453703703703704
0 0.8091145833333333 0.5069444444444444 0.05260416666666667 0.275
0 0.6966145833333334 0.513425925925926 0.04635416666666667 0.17685185185185184
0 0.9684895833333333 0.48564814814814816 0.04010416666666667 0.19166666666666668
0 0.96953125 0.5013888888888889 0.058854166666666666 0.21944444444444444
0 0.75546875 0.5078703703703704 0.0515625 0.2212962962962963
0 0.7924479166666667 0.5050925925925925 0.050520833333333334 0.22685185185185186
0 0.7997395833333333 0.5097222222222222 0.03802083333333333 0.17314814814814813
