0 0.8981770833333333 0.5143518518518518 0.05572916666666667 0.27870370370370373
0 0.8200520833333333 0.5013888888888889 0.049479166666666664 0.24537037037037038
0 0.8966145833333333 0.5828703703703704 0.04635416666666667 0.20092592592592592
0 0.6263020833333334 0.5217592592592593 0.07864583333333333 0.33796296296296297
0 0.8690104166666667 0.5060185185185185 0.0515625 0.24722222222222223
0 0.93984375 0.48842592592592593 0.04114583333333333 0.23055555555555557
0 0.8877604166666667 0.5087962962962963 0.03697916666666667 0.20092592592592592
0 0.8184895833333333 0.500462962962963 0.06927083333333334 0.29907407407407405
0 0.7486979166666666 0.500462962962963 0.06302083333333333 0.2953703703703704
0 0.7997395833333333 0.5208333333333334 0.07135416666666666 0.3138888888888889
0 0.7372395833333333 0.5171296296296296 0.06927083333333334 0.287962962962963
