0 0.8565104166666667 0.549537037037037 0.0578125 0.20462962962962963
0 0.6877604166666667 0.5023148148148148 0.06197916666666667 0.30277777777777776
0 0.9096354166666667 0.5773148148148148 0.04739583333333333 0.1935185185185185
0 0.65546875 0.5171296296296296 0.0640625 0.27685185185185185
0 0.7268229166666667 0.5152777777777777 0.06510416666666667 0.287962962962963
0 0.8299479166666667 0.49953703703703706 0.0546875 0.2935185185185185
0 0.7794270833333333 0.5152777777777777 0.0453125 0.2324074074074074
0 0.7424479166666667 0.5078703703703704 0.07760416666666667 0.3768518518518518
0 0.6669270833333333 0.5106481481481482 0.07239583333333334 0.375
0 0.7361979166666667 0.5337962962962963 0.0921875 0.4064814814814815
0 0.60546875 0.5273148148148148 0.07864583333333333 0.3824074074074074
