0 0.9513020833333333 0.513425925925926 0.03697916666666667 0.3101851851851852
0 0.86328125 0.4976851851851852 0.04635416666666667 0.23425925925925925
0 0.93828125 0.5828703703703704 0.05260416666666667 0.21574074074074073
0 0.6044270833333333 0.5291666666666667 0.08072916666666667 0.3861111111111111
0 0.06640625 0.5745370370370371 0.1109375 0.7101851851851851
0 0.8986979166666667 0.5032407407407408 0.05260416666666667 0.23055555555555557
0 0.9643229166666667 0.4847222222222222 0.0359375 0.22314814814814815
0 0.9252604166666667 0.5060185185185185 0.034895833333333334 0.19166666666666668
0 0.8528645833333334 0.49953703703703706 0.06302083333333333 0.2824074074074074
0 0.7622395833333333 0.5041666666666667 0.0609375 0.287962962962963
0 0.83828125 0.5143518518518518 0.0671875 0.2824074074074074
0 0.78046875 0.513425925925926 0.0640625 0.262037037037037
