0 0.93984375 0.5143518518518518 0.04114583333333333 0.30462962962962964
0 0.8544270833333333 0.4986111111111111 0.04739583333333333 0.2361111111111111
0 0.9231770833333334 0.5847222222222223 0.0515625 0.20833333333333334
0 0.6122395833333333 0.5337962962962963 0.08802083333333334 0.38425925925925924
0 0.047135416666666666 0.5773148148148148 0.09322916666666667 0.7194444444444444
0 0.8924479166666667 0.5032407407407408 0.05260416666666667 0.23425925925925925
0 0.9606770833333333 0.48564814814814816 0.03697916666666667 0.225
0 0.9174479166666667 0.5069444444444444 0.0359375 0.1935185185185185
0 0.84609375 0.49953703703703706 0.0640625 0.2861111111111111
0 0.7591145833333334 0.5013888888888889 0.0609375 0.2861111111111111
0 0.82578125 0.5152777777777777 0.0671875 0.287962962962963
0 0.77265625 0.5152777777777777 0.06510416666666667 0.2657407407407407
