0 0.85546875 0.5476851851851852 0.0578125 0.20833333333333334
0 0.6846354166666667 0.5032407407407408 0.06197916666666667 0.30462962962962964
0 0.91015625 0.5782407407407407 0.04635416666666667 0.19166666666666668
0 0.6565104166666667 0.5180555555555556 0.0640625 0.275
0 0.7231770833333333 0.5152777777777777 0.06614583333333333 0.287962962962963
0 0.8278645833333333 0.500462962962963 0.0546875 0.2953703703703704
0 0.7768229166666667 0.5152777777777777 0.04635416666666667 0.2324074074074074
0 0.73984375 0.5069444444444444 0.07864583333333333 0.3787037037037037
0 0.66484375 0.5106481481481482 0.07239583333333334 0.375
0 0.7309895833333333 0.5347222222222222 0.0921875 0.4083333333333333
0 0.6033854166666667 0.5282407407407408 0.07864583333333333 0.38425925925925924
