0 0.8721354166666667 0.49027777777777776 0.06197916666666667 0.24166666666666667
0 0.76484375 0.5115740740740741 0.04739583333333333 0.2324074074074074
0 0.35442708333333334 0.5328703703703703 0.08489583333333334 0.3787037037037037
0 0.73671875 0.5671296296296297 0.03697916666666667 0.15462962962962962
0 0.40651041666666665 0.4986111111111111 0.26197916666666665 0.9953703703703703
0 0.31328125 0.5504629629629629 0.0796875 0.3731481481481482
0 0.5096354166666667 0.5226851851851851 0.0953125 0.44722222222222224
0 0.42890625 0.5625 0.09010416666666667 0.3787037037037037
0 0.20026041666666666 0.5513888888888889 0.1578125 0.6935185185185185
0 0.11901041666666666 0.5523148148148148 0.11822916666666666 0.6175925925925926
0 0.7966145833333333 0.4976851851851852 0.0421875 0.21574074074074073
