0 0.86015625 0.5319444444444444 0.0609375 0.2324074074074074
0 0.74765625 0.5023148148148148 0.05677083333333333 0.27314814814814814
0 0.9013020833333333 0.5782407407407407 0.04739583333333333 0.19537037037037036
0 0.6434895833333333 0.5171296296296296 0.06927083333333334 0.29907407407407405
0 0.7966145833333333 0.5087962962962963 0.058854166666666666 0.2712962962962963
0 0.8825520833333333 0.49583333333333335 0.049479166666666664 0.2601851851851852
0 0.8278645833333333 0.5115740740740741 0.04010416666666667 0.2175925925925926
0 0.7747395833333334 0.5041666666666667 0.0734375 0.3398148148148148
0 0.71640625 0.5069444444444444 0.06927083333333334 0.33055555555555555
0 0.7815104166666667 0.5226851851851851 0.0828125 0.36574074074074076
0 0.66171875 0.5236111111111111 0.07447916666666667 0.3416666666666667
