0 0.9533854166666667 0.47638888888888886 0.04114583333333333 0.19166666666666668
0 0.8221354166666667 0.5199074074074074 0.04739583333333333 0.2638888888888889
0 0.5346354166666667 0.5208333333333334 0.06614583333333333 0.36203703703703705
0 0.84765625 0.5763888888888888 0.0421875 0.17314814814814813
0 0.6486979166666667 0.5069444444444444 0.050520833333333334 0.22314814814814815
0 0.56796875 0.5337962962962963 0.0765625 0.3287037037037037
0 0.7231770833333333 0.5078703703703704 0.06614583333333333 0.35462962962962963
0 0.6653645833333334 0.5328703703703703 0.06510416666666667 0.2898148148148148
0 0.5877604166666667 0.5152777777777777 0.11822916666666666 0.4842592592592593
0 0.5028645833333333 0.5208333333333334 0.08177083333333333 0.4546296296296296
0 0.44453125 0.5587962962962963 0.12135416666666667 0.5342592592592592
0 0.36953125 0.549537037037037 0.09010416666666667 0.4935185185185185
0 0.94609375 0.49212962962962964 0.0453125 0.20092592592592592
