0 0.48463541666666665 0.5884259259259259 0.19739583333333333 0.8157407407407408
0 0.8002604166666667 0.48564814814814816 0.0765625 0.2916666666666667
0 0.73671875 0.5143518518518518 0.0453125 0.21574074074074073
0 0.27890625 0.5356481481481481 0.08177083333333333 0.35833333333333334
0 0.70546875 0.5578703703703703 0.034895833333333334 0.14722222222222223
0 0.66640625 0.5152777777777777 0.19427083333333334 0.9287037037037037
0 0.21223958333333334 0.5449074074074074 0.07135416666666666 0.3287037037037037
0 0.21380208333333334 0.5412037037037037 0.10572916666666667 0.5546296296296296
0 0.15807291666666667 0.5902777777777778 0.1046875 0.4564814814814815
0 0.7002604166666667 0.4986111111111111 0.0515625 0.2175925925925926
