0 0.96484375 0.4736111111111111 0.0390625 0.1824074074074074
0 0.82734375 0.5180555555555556 0.049479166666666664 0.2638888888888889
0 0.5611979166666666 0.5171296296296296 0.06510416666666667 0.35462962962962963
0 0.8721354166666667 0.5773148148148148 0.043229166666666666 0.1787037037037037
0 0.65234375 0.5078703703703704 0.0515625 0.22870370370370371
0 0.60390625 0.5310185185185186 0.06927083333333334 0.31574074074074077
0 0.7419270833333333 0.5060185185185185 0.0640625 0.3435185185185185
0 0.6861979166666666 0.5291666666666667 0.0609375 0.275
0 0.62109375 0.5143518518518518 0.11197916666666667 0.4638888888888889
0 0.53828125 0.5189814814814815 0.0796875 0.4398148148148148
0 0.5158854166666667 0.5523148148148148 0.11197916666666667 0.5064814814814815
0 0.43671875 0.5449074074074074 0.09322916666666667 0.46574074074074073
0 0.96015625 0.4912037037037037 0.044270833333333336 0.19907407407407407
