0 0.8440104166666667 0.5023148148148148 0.0390625 0.17685185185185184
0 0.34348958333333335 0.5430555555555555 0.09427083333333333 0.48055555555555557
0 0.16432291666666668 0.5587962962962963 0.1421875 0.6712962962962963
0 0.7981770833333334 0.5097222222222222 0.05364583333333333 0.28055555555555556
0 0.68359375 0.513425925925926 0.04739583333333333 0.17685185185185184
0 0.96484375 0.4875 0.04114583333333333 0.19166666666666668
0 0.96953125 0.5013888888888889 0.058854166666666666 0.21944444444444444
0 0.7721354166666666 0.5069444444444444 0.05364583333333333 0.22685185185185186
0 0.8096354166666667 0.5050925925925925 0.0515625 0.23055555555555557
0 0.7841145833333333 0.5097222222222222 0.03802083333333333 0.17314814814814813
