0 0.90234375 0.48564814814814816 0.05364583333333333 0.225
0 0.7846354166666667 0.5115740740740741 0.04739583333333333 0.24351851851851852
0 0.4205729166666667 0.5282407407407408 0.07760416666666667 0.3731481481481482
0 0.7669270833333334 0.5671296296296297 0.0390625 0.16203703703703703
0 0.41432291666666665 0.5421296296296296 0.08385416666666666 0.375
0 0.60859375 0.5152777777777777 0.08489583333333334 0.4064814814814815
0 0.5372395833333333 0.549537037037037 0.0796875 0.3416666666666667
0 0.36692708333333335 0.5347222222222222 0.13697916666666668 0.5824074074074074
0 0.2903645833333333 0.5393518518518519 0.1109375 0.5509259259259259
0 0.12057291666666667 0.5902777777777778 0.1484375 0.6935185185185185
0 0.8533854166666667 0.4949074074074074 0.043229166666666666 0.2101851851851852
