0 0.5315104166666667 0.5958333333333333 0.18489583333333334 0.8009259259259259
0 0.7815104166666667 0.48564814814814816 0.0765625 0.30277777777777776
0 0.7341145833333333 0.5152777777777777 0.044270833333333336 0.21388888888888888
0 0.2721354166666667 0.5310185185185186 0.07864583333333333 0.3453703703703704
0 0.7044270833333334 0.5578703703703703 0.034895833333333334 0.14722222222222223
0 0.6934895833333333 0.5236111111111111 0.1796875 0.8972222222222223
0 0.20807291666666666 0.5421296296296296 0.06927083333333334 0.31574074074074077
0 0.16067708333333333 0.5449074074074074 0.1078125 0.5731481481481482
0 0.10182291666666667 0.5930555555555556 0.1046875 0.46574074074074073
0 0.6846354166666667 0.4986111111111111 0.05364583333333333 0.2175925925925926
