0 0.8690104166666667 0.4912037037037037 0.06197916666666667 0.24351851851851852
0 0.7627604166666667 0.5125 0.04739583333333333 0.23055555555555557
0 0.34713541666666664 0.5328703703703703 0.08489583333333334 0.3787037037037037
0 0.73359375 0.5680555555555555 0.03697916666666667 0.1527777777777778
0 0.43203125 0.4986111111111111 0.24635416666666668 0.9953703703703703
0 0.30390625 0.5513888888888889 0.07760416666666667 0.375
0 0.49765625 0.5236111111111111 0.09635416666666667 0.4527777777777778
0 0.4158854166666667 0.5643518518518519 0.09114583333333333 0.3824074074074074
0 0.18255208333333334 0.5541666666666667 0.15989583333333332 0.7064814814814815
0 0.09609375 0.5504629629629629 0.11197916666666667 0.6361111111111111
0 0.79140625 0.4976851851851852 0.044270833333333336 0.21574074074074073
