0 0.97421875 0.4708333333333333 0.03697916666666667 0.17314814814814813
0 0.8309895833333333 0.5162037037037037 0.050520833333333334 0.2601851851851852
0 0.5846354166666666 0.5143518518518518 0.0640625 0.3453703703703704
0 0.89296875 0.5773148148148148 0.0453125 0.1824074074074074
0 0.6533854166666667 0.5097222222222222 0.05364583333333333 0.2361111111111111
0 0.6263020833333334 0.5273148148148148 0.06822916666666666 0.31203703703703706
0 0.7580729166666667 0.5050925925925925 0.06302083333333333 0.33425925925925926
0 0.7044270833333334 0.5254629629629629 0.0578125 0.2638888888888889
0 0.6502604166666667 0.513425925925926 0.10572916666666667 0.44351851851851853
0 0.56796875 0.5171296296296296 0.07864583333333333 0.4287037037037037
0 0.56484375 0.5449074074074074 0.10364583333333334 0.48055555555555557
0 0.48463541666666665 0.5421296296296296 0.09114583333333333 0.44537037037037036
0 0.9721354166666667 0.49027777777777776 0.0453125 0.19722222222222222
