0 0.9752604166666666 0.4847222222222222 0.028645833333333332 0.175
0 0.78671875 0.5050925925925925 0.034895833333333334 0.1787037037037037
0 0.20755208333333333 0.5513888888888889 0.1265625 0.5527777777777778
0 0.7153645833333333 0.513425925925926 0.06302083333333333 0.3175925925925926
0 0.9393229166666667 0.49027777777777776 0.044270833333333336 0.20092592592592592
0 0.96953125 0.5013888888888889 0.058854166666666666 0.21944444444444444
0 0.9643229166666667 0.49398148148148147 0.04010416666666667 0.20092592592592592
0 0.8690104166666667 0.5023148148148148 0.0578125 0.25462962962962965
0 0.91015625 0.49583333333333335 0.0484375 0.2564814814814815
0 0.71171875 0.5115740740740741 0.034895833333333334 0.16574074074074074
