0 0.97578125 0.4708333333333333 0.0359375 0.17314814814814813
0 0.8315104166666667 0.5162037037037037 0.049479166666666664 0.2601851851851852
0 0.58828125 0.5143518518518518 0.06510416666666667 0.3416666666666667
0 0.89609375 0.5773148148148148 0.0453125 0.1824074074074074
0 0.6533854166666667 0.5097222222222222 0.05364583333333333 0.23981481481481481
0 0.6294270833333333 0.5263888888888889 0.06822916666666666 0.3101851851851852
0 0.7606770833333333 0.5050925925925925 0.06197916666666667 0.33425925925925926
0 0.70703125 0.524537037037037 0.05677083333333333 0.262037037037037
0 0.65390625 0.5125 0.1046875 0.44166666666666665
0 0.57265625 0.5162037037037037 0.07760416666666667 0.42685185185185187
0 0.5716145833333334 0.5430555555555555 0.10260416666666666 0.47685185185185186
0 0.48932291666666666 0.5421296296296296 0.09010416666666667 0.44166666666666665
0 0.97421875 0.49027777777777776 0.0453125 0.19722222222222222
