0 0.9690104166666667 0.48657407407407405 0.028645833333333332 0.1787037037037037
0 0.09973958333333334 0.5625 0.1734375 0.8564814814814815
0 0.7716145833333333 0.5050925925925925 0.033854166666666664 0.1787037037037037
0 0.16640625 0.5532407407407407 0.13385416666666666 0.575
0 0.6924479166666667 0.5143518518518518 0.06510416666666667 0.32685185185185184
0 0.9315104166666667 0.4912037037037037 0.0453125 0.2064814814814815
0 0.96953125 0.5013888888888889 0.058854166666666666 0.21944444444444444
0 0.95859375 0.4930555555555556 0.04114583333333333 0.20277777777777778
0 0.8997395833333334 0.4986111111111111 0.0546875 0.25833333333333336
0 0.9377604166666667 0.4930555555555556 0.0453125 0.262037037037037
0 0.6950520833333333 0.5115740740740741 0.034895833333333334 0.16203703703703703
