0 0.9434895833333333 0.47824074074074074 0.044270833333333336 0.19907407407407407
0 0.81484375 0.5180555555555556 0.04739583333333333 0.2601851851851852
0 0.5106770833333333 0.5217592592592593 0.06822916666666666 0.3638888888888889
0 0.8263020833333333 0.575462962962963 0.04114583333333333 0.1675925925925926
0 0.6434895833333333 0.5060185185185185 0.050520833333333334 0.2175925925925926
0 0.5372395833333333 0.5375 0.08385416666666666 0.3398148148148148
0 0.7065104166666667 0.5097222222222222 0.06822916666666666 0.36203703703703705
0 0.6471354166666666 0.5365740740740741 0.06822916666666666 0.30092592592592593
0 0.55859375 0.5162037037037037 0.12447916666666667 0.5046296296296297
0 0.46015625 0.524537037037037 0.08802083333333334 0.47314814814814815
0 0.38046875 0.5643518518518519 0.12864583333333332 0.5601851851851852
0 0.30963541666666666 0.5532407407407407 0.08697916666666666 0.5157407407407407
0 0.9330729166666667 0.49212962962962964 0.044270833333333336 0.20462962962962963
