0 0.84296875 0.5300925925925926 0.05364583333333333 0.2361111111111111
0 0.6346354166666667 0.5087962962962963 0.0640625 0.32314814814814813
0 0.9200520833333333 0.5800925925925926 0.04739583333333333 0.19166666666666668
0 0.6549479166666666 0.513425925925926 0.058854166666666666 0.25462962962962965
0 0.6747395833333333 0.5208333333333334 0.0671875 0.29907407407407405
0 0.79296875 0.5032407407407408 0.0578125 0.31574074074074077
0 0.74296875 0.5180555555555556 0.0515625 0.24166666666666667
0 0.70859375 0.5097222222222222 0.09322916666666667 0.4027777777777778
0 0.6309895833333333 0.5125 0.07552083333333333 0.4046296296296296
0 0.64921875 0.5393518518518519 0.09739583333333333 0.44351851851851853
0 0.5486979166666667 0.5347222222222222 0.08177083333333333 0.41203703703703703
