0 0.9221354166666667 0.48194444444444445 0.049479166666666664 0.21388888888888888
0 0.7981770833333334 0.5152777777777777 0.04739583333333333 0.25092592592592594
0 0.4622395833333333 0.5254629629629629 0.0734375 0.3675925925925926
0 0.7872395833333333 0.5699074074074074 0.04010416666666667 0.1638888888888889
0 0.47421875 0.5449074074074074 0.09739583333333333 0.36203703703703705
0 0.66171875 0.5115740740740741 0.07447916666666667 0.38425925925925924
0 0.59296875 0.5439814814814815 0.07447916666666667 0.32314814814814813
0 0.46484375 0.524537037037037 0.13072916666666667 0.5435185185185185
0 0.37526041666666665 0.5319444444444444 0.1015625 0.5138888888888888
0 0.25234375 0.575462962962963 0.1453125 0.612037037037037
0 0.19036458333333334 0.5652777777777778 0.0921875 0.5657407407407408
0 0.88984375 0.49398148148148147 0.043229166666666666 0.20833333333333334
