0 0.8955729166666667 0.5143518518518518 0.05677083333333333 0.275
0 0.8174479166666667 0.5013888888888889 0.050520833333333334 0.24537037037037038
0 0.89609375 0.5819444444444445 0.0453125 0.19907407407407407
0 0.6268229166666667 0.5208333333333334 0.07760416666666667 0.33611111111111114
0 0.8674479166666667 0.5060185185185185 0.050520833333333334 0.24722222222222223
0 0.93828125 0.48842592592592593 0.0421875 0.23055555555555557
0 0.8861979166666667 0.5087962962962963 0.03802083333333333 0.20092592592592592
0 0.8169270833333333 0.5013888888888889 0.0703125 0.30092592592592593
0 0.7481770833333333 0.500462962962963 0.0640625 0.2953703703703704
0 0.7986979166666667 0.5217592592592593 0.07135416666666666 0.31574074074074077
0 0.7346354166666667 0.5180555555555556 0.06822916666666666 0.2898148148148148
