0 0.8596354166666667 0.524537037037037 0.06197916666666667 0.24722222222222223
0 0.7622395833333333 0.5032407407407408 0.0546875 0.2638888888888889
0 0.89921875 0.5791666666666667 0.04739583333333333 0.19722222222222222
0 0.6408854166666667 0.5171296296296296 0.0703125 0.30277777777777776
0 0.81328125 0.5087962962962963 0.05677083333333333 0.2675925925925926
0 0.8966145833333333 0.4949074074074074 0.0484375 0.25092592592592594
0 0.8393229166666667 0.5115740740740741 0.04010416666666667 0.21388888888888888
0 0.78203125 0.5032407407407408 0.0734375 0.33055555555555555
0 0.7294270833333333 0.5069444444444444 0.06822916666666666 0.3194444444444444
0 0.7846354166666667 0.5226851851851851 0.08072916666666667 0.35833333333333334
0 0.6768229166666667 0.5226851851851851 0.0734375 0.33240740740740743
