0 0.9268229166666667 0.48194444444444445 0.0484375 0.2101851851851852
0 0.8013020833333333 0.5162037037037037 0.04739583333333333 0.25277777777777777
0 0.47213541666666664 0.524537037037037 0.07239583333333334 0.36944444444444446
0 0.7934895833333333 0.5717592592592593 0.04010416666666667 0.1638888888888889
0 0.6361979166666667 0.5060185185185185 0.050520833333333334 0.21388888888888888
0 0.48776041666666664 0.5430555555555555 0.0953125 0.35833333333333334
0 0.6752604166666667 0.5106481481481482 0.07239583333333334 0.3787037037037037
0 0.6065104166666667 0.5430555555555555 0.07239583333333334 0.3175925925925926
0 0.48932291666666666 0.5226851851851851 0.1296875 0.5361111111111111
0 0.39348958333333334 0.5300925925925926 0.0984375 0.5064814814814815
0 0.2799479166666667 0.5726851851851852 0.1421875 0.6027777777777777
0 0.21744791666666666 0.5606481481481481 0.08177083333333333 0.5527777777777778
0 0.89921875 0.4930555555555556 0.043229166666666666 0.2064814814814815
