0 0.86015625 0.5291666666666667 0.0609375 0.23796296296296296
0 0.7528645833333333 0.5032407407407408 0.05677083333333333 0.2712962962962963
0 0.9002604166666667 0.5782407407407407 0.04739583333333333 0.19537037037037036
0 0.64296875 0.5171296296296296 0.0703125 0.29907407407407405
0 0.80234375 0.5087962962962963 0.0578125 0.2675925925925926
0 0.8872395833333333 0.4949074074074074 0.0484375 0.25833333333333336
0 0.8315104166666667 0.5125 0.0390625 0.21574074074074073
0 0.77734375 0.5032407407407408 0.07239583333333334 0.33796296296296297
0 0.72109375 0.5069444444444444 0.06822916666666666 0.32685185185185184
0 0.78203125 0.5226851851851851 0.08177083333333333 0.36203703703703705
0 0.6669270833333333 0.5226851851851851 0.07447916666666667 0.3398148148148148
