0 0.9377604166666667 0.4791666666666667 0.0453125 0.20462962962962963
0 0.8096354166666667 0.5171296296296296 0.04739583333333333 0.25833333333333336
0 0.49713541666666666 0.5226851851851851 0.0703125 0.36574074074074076
0 0.81484375 0.5745370370370371 0.04114583333333333 0.16574074074074074
0 0.6403645833333333 0.5060185185185185 0.050520833333333334 0.2175925925925926
0 0.5190104166666667 0.5393518518518519 0.08697916666666666 0.3472222222222222
0 0.69765625 0.5106481481481482 0.06927083333333334 0.3675925925925926
0 0.63671875 0.5393518518518519 0.0703125 0.30648148148148147
0 0.5419270833333333 0.5171296296296296 0.1265625 0.5175925925925926
0 0.4361979166666667 0.5263888888888889 0.0921875 0.4842592592592593
0 0.34401041666666665 0.5671296296296297 0.1328125 0.5768518518518518
0 0.27630208333333334 0.5560185185185185 0.08489583333333334 0.5287037037037037
0 0.9205729166666666 0.49212962962962964 0.044270833333333336 0.20462962962962963
