0 0.88984375 0.4875 0.0578125 0.2324074074074074
0 0.7763020833333333 0.5115740740740741 0.04739583333333333 0.23981481481481481
0 0.39296875 0.5310185185185186 0.08072916666666667 0.375
0 0.75390625 0.5652777777777778 0.03802083333333333 0.15833333333333333
0 0.22317708333333333 0.49675925925925923 0.29322916666666665 0.9916666666666667
0 0.3658854166666667 0.5486111111111112 0.0890625 0.36944444444444446
0 0.5731770833333333 0.5180555555555556 0.09114583333333333 0.41944444444444445
0 0.5002604166666667 0.5541666666666667 0.08489583333333334 0.35462962962962963
0 0.29661458333333335 0.5412037037037037 0.14635416666666667 0.6287037037037037
0 0.21953125 0.5449074074074074 0.11510416666666666 0.5768518518518518
0 0.82890625 0.49583333333333335 0.0421875 0.21203703703703702
