0 0.8815104166666666 0.5143518518518518 0.06197916666666667 0.2675925925925926
0 0.8065104166666667 0.5013888888888889 0.0515625 0.2490740740740741
0 0.89453125 0.5791666666666667 0.044270833333333336 0.20092592592592592
0 0.6309895833333333 0.5171296296296296 0.07552083333333333 0.3212962962962963
0 0.8596354166666667 0.5069444444444444 0.0515625 0.25277777777777777
0 0.9315104166666667 0.48935185185185187 0.043229166666666666 0.2324074074074074
0 0.8763020833333334 0.5087962962962963 0.03697916666666667 0.20462962962962963
0 0.8080729166666667 0.5013888888888889 0.07135416666666666 0.30462962962962964
0 0.7450520833333333 0.5023148148148148 0.0640625 0.29907407407407405
0 0.79453125 0.5226851851851851 0.0734375 0.325
0 0.72265625 0.5189814814814815 0.06927083333333334 0.29907407407407405
