0 0.93984375 0.48009259259259257 0.0453125 0.20277777777777778
0 0.8106770833333333 0.5171296296296296 0.04739583333333333 0.25833333333333336
0 0.5002604166666667 0.5226851851851851 0.0703125 0.36574074074074076
0 0.81796875 0.5745370370370371 0.04114583333333333 0.16574074074074074
0 0.64140625 0.5060185185185185 0.050520833333333334 0.2175925925925926
0 0.5231770833333333 0.5393518518518519 0.08697916666666666 0.3435185185185185
0 0.6997395833333333 0.5097222222222222 0.06927083333333334 0.36574074074074076
0 0.6393229166666666 0.538425925925926 0.06927083333333334 0.30462962962962964
0 0.54609375 0.5171296296296296 0.1265625 0.5138888888888888
0 0.44192708333333336 0.5254629629629629 0.09114583333333333 0.4824074074074074
0 0.3533854166666667 0.5662037037037037 0.1328125 0.5712962962962963
0 0.28463541666666664 0.5550925925925926 0.08489583333333334 0.5268518518518519
0 0.9236979166666667 0.49212962962962964 0.044270833333333336 0.20462962962962963
