0 0.9856770833333334 0.4828703703703704 0.0265625 0.1675925925925926
0 0.8252604166666667 0.5041666666666667 0.0390625 0.17685185185185184
0 0.30234375 0.5467592592592593 0.10572916666666667 0.5064814814814815
0 0.07057291666666667 0.575462962962963 0.14010416666666667 0.7268518518518519
0 0.7716145833333333 0.5115740740740741 0.05677083333333333 0.2916666666666667
0 0.6575520833333334 0.5115740740740741 0.0453125 0.17314814814814813
0 0.9575520833333333 0.48842592592592593 0.04114583333333333 0.1935185185185185
0 0.96953125 0.5013888888888889 0.058854166666666666 0.21944444444444444
0 0.9783854166666667 0.4949074074074074 0.034895833333333334 0.19166666666666668
0 0.8044270833333333 0.5050925925925925 0.05572916666666667 0.23796296296296296
0 0.8424479166666666 0.5023148148148148 0.0546875 0.23981481481481481
0 0.7544270833333333 0.5115740740740741 0.03697916666666667 0.16944444444444445
