0 0.9565104166666667 0.48935185185185187 0.0328125 0.18796296296296297
0 0.22630208333333332 0.5615740740740741 0.16822916666666668 0.7657407407407407
0 0.7424479166666667 0.5069444444444444 0.03177083333333333 0.1787037037037037
0 0.08828125 0.5597222222222222 0.1421875 0.6138888888888889
0 0.6330729166666667 0.5171296296296296 0.06927083333333334 0.3509259259259259
0 0.9158854166666667 0.49212962962962964 0.04739583333333333 0.21203703703703702
0 0.96953125 0.5013888888888889 0.058854166666666666 0.21944444444444444
0 0.9440104166666666 0.49398148148148147 0.0453125 0.20833333333333334
0 0.9611979166666667 0.49398148148148147 0.0484375 0.2638888888888889
0 0.98515625 0.48935185185185187 0.0296875 0.27314814814814814
0 0.6622395833333333 0.5125 0.033854166666666664 0.16018518518518518
