0 0.87890625 0.49953703703703706 0.033854166666666664 0.1787037037037037
0 0.41744791666666664 0.5263888888888889 0.07552083333333333 0.4398148148148148
0 0.38671875 0.5449074074074074 0.13072916666666667 0.5583333333333333
0 0.84609375 0.49953703703703706 0.04739583333333333 0.2601851851851852
0 0.7518229166666667 0.5162037037037037 0.0484375 0.1824074074074074
0 0.9778645833333334 0.4847222222222222 0.03802083333333333 0.1787037037037037
0 0.96953125 0.5013888888888889 0.058854166666666666 0.21944444444444444
0 0.7002604166666667 0.5106481481481482 0.04739583333333333 0.20092592592592592
0 0.73515625 0.5087962962962963 0.044270833333333336 0.21203703703703702
0 0.8518229166666667 0.5078703703703704 0.04010416666666667 0.17685185185185184
