0 0.9591145833333333 0.47453703703703703 0.04010416666666667 0.18796296296296297
0 0.8252604166666667 0.5189814814814815 0.04739583333333333 0.2657407407407407
0 0.5481770833333334 0.5189814814814815 0.06614583333333333 0.35833333333333334
0 0.8596354166666667 0.5773148148148148 0.043229166666666666 0.175
0 0.6518229166666667 0.5069444444444444 0.050520833333333334 0.22314814814814815
0 0.5856770833333333 0.5319444444444444 0.07239583333333334 0.3212962962962963
0 0.73203125 0.5069444444444444 0.06510416666666667 0.3490740740740741
0 0.67578125 0.5310185185185186 0.06302083333333333 0.2824074074074074
0 0.6044270833333333 0.5143518518518518 0.1140625 0.475
0 0.5216145833333333 0.5189814814814815 0.0796875 0.44722222222222224
0 0.48151041666666666 0.5560185185185185 0.11614583333333334 0.5212962962962963
0 0.40286458333333336 0.5476851851851852 0.0921875 0.4787037037037037
0 0.9528645833333333 0.4912037037037037 0.044270833333333336 0.19907407407407407
