0 0.9731770833333333 0.47175925925925927 0.03697916666666667 0.175
0 0.83046875 0.5162037037037037 0.049479166666666664 0.2601851851851852
0 0.5815104166666667 0.5143518518518518 0.0640625 0.3453703703703704
0 0.88984375 0.5773148148148148 0.0453125 0.1824074074074074
0 0.6533854166666667 0.5097222222222222 0.05364583333333333 0.2361111111111111
0 0.62265625 0.5273148148148148 0.06927083333333334 0.31203703703703706
0 0.75546875 0.5060185185185185 0.06197916666666667 0.33611111111111114
0 0.7018229166666666 0.5254629629629629 0.058854166666666666 0.2675925925925926
0 0.6455729166666667 0.5125 0.10677083333333333 0.44537037037037036
0 0.5638020833333334 0.5162037037037037 0.07864583333333333 0.4305555555555556
0 0.5580729166666667 0.5449074074074074 0.1046875 0.4842592592592593
0 0.47994791666666664 0.5430555555555555 0.0921875 0.44722222222222224
0 0.9705729166666667 0.49027777777777776 0.044270833333333336 0.19722222222222222
