0 0.8575520833333333 0.5504629629629629 0.0578125 0.20277777777777778
0 0.69140625 0.5023148148148148 0.0609375 0.30277777777777776
0 0.9091145833333333 0.5773148148148148 0.04635416666666667 0.1935185185185185
0 0.6549479166666666 0.5171296296296296 0.06510416666666667 0.27685185185185185
0 0.7299479166666667 0.5143518518518518 0.06510416666666667 0.2861111111111111
0 0.8325520833333333 0.49953703703703706 0.05364583333333333 0.2935185185185185
0 0.7815104166666667 0.5143518518518518 0.0453125 0.23055555555555557
0 0.74453125 0.5069444444444444 0.07760416666666667 0.375
0 0.66953125 0.5097222222222222 0.07135416666666666 0.3731481481481482
0 0.7424479166666667 0.5347222222222222 0.0921875 0.4046296296296296
0 0.60859375 0.5273148148148148 0.07864583333333333 0.3824074074074074
