0 0.9653645833333333 0.4875 0.0296875 0.18055555555555555
0 0.13046875 0.5615740740740741 0.1828125 0.8287037037037037
0 0.7627604166666667 0.5050925925925925 0.0328125 0.1787037037037037
0 0.14453125 0.5550925925925926 0.1359375 0.5861111111111111
0 0.6752604166666667 0.5152777777777777 0.06614583333333333 0.33240740740740743
0 0.9268229166666667 0.4912037037037037 0.04635416666666667 0.2064814814814815
0 0.96953125 0.5013888888888889 0.058854166666666666 0.21944444444444444
0 0.9559895833333333 0.49398148148148147 0.0421875 0.20462962962962963
0 0.9174479166666667 0.4976851851851852 0.05260416666666667 0.2601851851851852
0 0.95234375 0.4912037037037037 0.043229166666666666 0.2657407407407407
0 0.6856770833333333 0.5115740740740741 0.034895833333333334 0.16203703703703703
