0 0.8596354166666667 0.5236111111111111 0.06197916666666667 0.2490740740740741
0 0.76484375 0.5032407407407408 0.05572916666666667 0.2638888888888889
0 0.8981770833333333 0.5782407407407407 0.04739583333333333 0.19907407407407407
0 0.6403645833333333 0.5171296296296296 0.07135416666666666 0.30648148148148147
0 0.81640625 0.5087962962962963 0.05677083333333333 0.2638888888888889
0 0.8986979166666667 0.49398148148148147 0.0484375 0.2490740740740741
0 0.8408854166666667 0.5115740740740741 0.0390625 0.21388888888888888
0 0.7830729166666667 0.5032407407407408 0.0734375 0.33055555555555555
0 0.7315104166666667 0.5060185185185185 0.06822916666666666 0.3175925925925926
0 0.78515625 0.5226851851851851 0.0796875 0.35462962962962963
0 0.67890625 0.5217592592592593 0.0734375 0.33055555555555555
