0 0.87578125 0.49953703703703706 0.033854166666666664 0.1787037037037037
0 0.41119791666666666 0.5282407407407408 0.07760416666666667 0.44351851851851853
0 0.36692708333333335 0.5449074074074074 0.13072916666666667 0.5694444444444444
0 0.84140625 0.500462962962963 0.0484375 0.262037037037037
0 0.7450520833333333 0.5152777777777777 0.049479166666666664 0.18055555555555555
0 0.97734375 0.48564814814814816 0.0390625 0.18055555555555555
0 0.96953125 0.5013888888888889 0.058854166666666666 0.21944444444444444
0 0.7065104166666667 0.5097222222222222 0.04739583333333333 0.20277777777777778
0 0.7419270833333333 0.5078703703703704 0.0453125 0.21388888888888888
0 0.8455729166666667 0.5078703703703704 0.04010416666666667 0.17685185185185184
