0 0.86328125 0.500462962962963 0.0359375 0.17685185185185184
0 0.3841145833333333 0.5337962962962963 0.08385416666666666 0.4583333333333333
0 0.2872395833333333 0.5476851851851852 0.1296875 0.6083333333333333
0 0.82421875 0.5041666666666667 0.049479166666666664 0.26944444444444443
0 0.7184895833333333 0.5143518518518518 0.0484375 0.1787037037037037
0 0.9736979166666667 0.48564814814814816 0.04010416666666667 0.19166666666666668
0 0.96953125 0.5013888888888889 0.058854166666666666 0.21944444444444444
0 0.7325520833333333 0.5087962962962963 0.049479166666666664 0.21203703703703702
0 0.7690104166666667 0.5069444444444444 0.04739583333333333 0.21944444444444444
0 0.82109375 0.5087962962962963 0.0390625 0.175
