0 0.44557291666666665 0.5819444444444445 0.20677083333333332 0.8287037037037037
0 0.8127604166666667 0.4875 0.07447916666666667 0.28425925925925927
0 0.73828125 0.5143518518518518 0.044270833333333336 0.21574074074074073
0 0.28671875 0.5356481481481481 0.0828125 0.36203703703703705
0 0.7059895833333333 0.5587962962962963 0.0359375 0.14907407407407408
0 0.6440104166666667 0.5097222222222222 0.20572916666666666 0.9583333333333334
0 0.21536458333333333 0.5476851851851852 0.0734375 0.33796296296296297
0 0.25807291666666665 0.5393518518518519 0.1046875 0.5398148148148149
0 0.20494791666666667 0.5875 0.1046875 0.44722222222222224
0 0.71328125 0.4986111111111111 0.050520833333333334 0.2175925925925926
