0 0.8377604166666667 0.5226851851851851 0.0515625 0.24722222222222223
0 0.61484375 0.5115740740740741 0.0640625 0.33240740740740743
0 0.9205729166666666 0.5782407407407407 0.04635416666666667 0.18796296296296297
0 0.65390625 0.5125 0.05677083333333333 0.2490740740740741
0 0.6549479166666666 0.5236111111111111 0.0671875 0.30462962962962964
0 0.7783854166666667 0.5041666666666667 0.059895833333333336 0.3212962962962963
0 0.7278645833333334 0.5199074074074074 0.05260416666666667 0.2490740740740741
0 0.6872395833333333 0.5115740740740741 0.0984375 0.41759259259259257
0 0.6059895833333333 0.513425925925926 0.07552083333333333 0.41388888888888886
0 0.6169270833333333 0.5402777777777777 0.09947916666666666 0.4564814814814815
0 0.52421875 0.5375 0.0828125 0.4212962962962963
