0 0.95390625 0.49027777777777776 0.03177083333333333 0.18981481481481483
0 0.25859375 0.5625 0.1578125 0.7453703703703703
0 0.7361979166666667 0.5069444444444444 0.03177083333333333 0.1787037037037037
0 0.07213541666666666 0.5625 0.14322916666666666 0.6231481481481481
0 0.6200520833333333 0.5171296296296296 0.0703125 0.35462962962962963
0 0.9127604166666666 0.4930555555555556 0.04739583333333333 0.21388888888888888
0 0.96953125 0.5013888888888889 0.058854166666666666 0.21944444444444444
0 0.9377604166666667 0.4949074074074074 0.0453125 0.2101851851851852
0 0.9747395833333333 0.4930555555555556 0.04635416666666667 0.2657407407407407
0 0.6559895833333333 0.5125 0.033854166666666664 0.16018518518518518
