0 0.97109375 0.47175925925925927 0.03697916666666667 0.175
0 0.8299479166666667 0.5171296296296296 0.050520833333333334 0.262037037037037
0 0.5778645833333333 0.5152777777777777 0.06510416666666667 0.3472222222222222
0 0.8872395833333333 0.5773148148148148 0.044270833333333336 0.1824074074074074
0 0.6533854166666667 0.5087962962962963 0.05364583333333333 0.23425925925925925
0 0.61953125 0.5273148148148148 0.06927083333333334 0.31203703703703706
0 0.7533854166666667 0.5060185185185185 0.06197916666666667 0.33611111111111114
0 0.69921875 0.5254629629629629 0.0578125 0.2675925925925926
0 0.6419270833333334 0.5125 0.1078125 0.44907407407407407
0 0.5596354166666667 0.5171296296296296 0.07864583333333333 0.4324074074074074
0 0.55078125 0.5467592592592593 0.10677083333333333 0.487962962962963
0 0.4752604166666667 0.5430555555555555 0.09322916666666667 0.45092592592592595
0 0.9690104166666667 0.49027777777777776 0.0453125 0.19722222222222222
