0 0.8606770833333334 0.5430555555555555 0.059895833333333336 0.21388888888888888
0 0.72578125 0.5013888888888889 0.058854166666666666 0.2861111111111111
0 0.9049479166666666 0.5773148148148148 0.04635416666666667 0.1935185185185185
0 0.6486979166666667 0.5171296296296296 0.0671875 0.287962962962963
0 0.77109375 0.5097222222222222 0.0640625 0.27685185185185185
0 0.8622395833333333 0.4976851851851852 0.050520833333333334 0.275
0 0.8096354166666667 0.513425925925926 0.04114583333333333 0.2212962962962963
0 0.7643229166666666 0.5050925925925925 0.0734375 0.35648148148148145
0 0.6971354166666667 0.5078703703703704 0.0703125 0.3472222222222222
0 0.77265625 0.5236111111111111 0.0859375 0.3824074074074074
0 0.63984375 0.524537037037037 0.0765625 0.35833333333333334
