0 0.9627604166666667 0.48842592592592593 0.030729166666666665 0.1824074074074074
0 0.15338541666666666 0.5606481481481481 0.1890625 0.8083333333333333
0 0.7565104166666666 0.5050925925925925 0.0328125 0.1787037037037037
0 0.12786458333333334 0.5569444444444445 0.13802083333333334 0.5935185185185186
0 0.6627604166666666 0.5162037037037037 0.06614583333333333 0.33796296296296297
0 0.9236979166666667 0.49212962962962964 0.04635416666666667 0.20833333333333334
0 0.96953125 0.5013888888888889 0.058854166666666666 0.21944444444444444
0 0.9533854166666667 0.4930555555555556 0.043229166666666666 0.2064814814814815
0 0.93046875 0.49675925925925923 0.0515625 0.262037037037037
0 0.9643229166666667 0.48935185185185187 0.0421875 0.26944444444444443
0 0.67890625 0.5115740740740741 0.033854166666666664 0.16203703703703703
