0 0.96171875 0.47453703703703703 0.0390625 0.18425925925925926
0 0.8263020833333333 0.5180555555555556 0.04739583333333333 0.2638888888888889
0 0.5549479166666667 0.5180555555555556 0.06510416666666667 0.35648148148148145
0 0.8658854166666666 0.5763888888888888 0.043229166666666666 0.17685185185185184
0 0.65234375 0.5069444444444444 0.0515625 0.22685185185185186
0 0.59453125 0.5310185185185186 0.07135416666666666 0.3194444444444444
0 0.7372395833333333 0.5069444444444444 0.06510416666666667 0.3453703703703704
0 0.6809895833333334 0.5291666666666667 0.0609375 0.27870370370370373
0 0.6122395833333333 0.5143518518518518 0.11302083333333333 0.4675925925925926
0 0.5299479166666666 0.5189814814814815 0.0796875 0.44351851851851853
0 0.49921875 0.5541666666666667 0.1140625 0.5138888888888888
0 0.4200520833333333 0.5467592592592593 0.09322916666666667 0.47314814814814815
0 0.9565104166666667 0.4912037037037037 0.0453125 0.19907407407407407
