0 0.8736979166666666 0.5152777777777777 0.06510416666666667 0.262037037037037
0 0.7997395833333333 0.5023148148148148 0.05260416666666667 0.25092592592592594
0 0.8950520833333333 0.5791666666666667 0.0453125 0.20092592592592592
0 0.6325520833333333 0.5171296296296296 0.07447916666666667 0.3175925925925926
0 0.8549479166666667 0.5078703703703704 0.050520833333333334 0.25462962962962965
0 0.92734375 0.49027777777777776 0.0453125 0.23425925925925925
0 0.8705729166666667 0.5097222222222222 0.03802083333333333 0.2064814814814815
0 0.80234375 0.5013888888888889 0.07239583333333334 0.30833333333333335
0 0.74296875 0.5023148148148148 0.0640625 0.30277777777777776
0 0.79296875 0.5226851851851851 0.07447916666666667 0.3287037037037037
0 0.7153645833333333 0.5199074074074074 0.06927083333333334 0.30462962962962964
