0 0.9674479166666666 0.513425925925926 0.03177083333333333 0.3212962962962963
0 0.87421875 0.49675925925925923 0.0453125 0.22870370370370371
0 0.96640625 0.5893518518518519 0.0484375 0.2212962962962963
0 0.59296875 0.5282407407407408 0.0828125 0.4027777777777778
0 0.13723958333333333 0.5671296296296297 0.11510416666666666 0.6657407407407407
0 0.90703125 0.4986111111111111 0.050520833333333334 0.2175925925925926
0 0.96953125 0.4837962962962963 0.033854166666666664 0.2212962962962963
0 0.9356770833333333 0.5060185185185185 0.034895833333333334 0.18796296296296297
0 0.8643229166666667 0.500462962962963 0.0609375 0.27685185185185185
0 0.77578125 0.5023148148148148 0.058854166666666666 0.27685185185185185
0 0.8565104166666667 0.513425925925926 0.06614583333333333 0.27314814814814814
0 0.7924479166666667 0.5125 0.06302083333333333 0.2564814814814815
