0 0.9372395833333333 0.513425925925926 0.0421875 0.30277777777777776
0 0.85234375 0.4986111111111111 0.04739583333333333 0.2361111111111111
0 0.91953125 0.5856481481481481 0.050520833333333334 0.2064814814814815
0 0.6127604166666667 0.5319444444444444 0.08697916666666666 0.38055555555555554
0 0.8908854166666667 0.5041666666666667 0.0515625 0.2361111111111111
0 0.95859375 0.48564814814814816 0.03697916666666667 0.225
0 0.9153645833333334 0.5069444444444444 0.0359375 0.1935185185185185
0 0.8440104166666667 0.49953703703703706 0.0640625 0.2861111111111111
0 0.75859375 0.5013888888888889 0.06197916666666667 0.2861111111111111
0 0.82265625 0.5152777777777777 0.0671875 0.2916666666666667
0 0.7705729166666667 0.5152777777777777 0.06510416666666667 0.2657407407407407
