0 0.9815104166666667 0.47175925925925927 0.034895833333333334 0.1675925925925926
0 0.83671875 0.5208333333333334 0.0515625 0.25092592592592594
0 0.61171875 0.5115740740740741 0.0640625 0.33240740740740743
0 0.9174479166666667 0.5782407407407407 0.04635416666666667 0.18796296296296297
0 0.65390625 0.5115740740740741 0.05677083333333333 0.24722222222222223
0 0.6518229166666667 0.5236111111111111 0.0671875 0.30462962962962964
0 0.7763020833333333 0.5041666666666667 0.059895833333333336 0.325
0 0.7252604166666666 0.5208333333333334 0.05364583333333333 0.25092592592592594
0 0.68359375 0.5115740740740741 0.09947916666666666 0.4212962962962963
0 0.6013020833333333 0.5143518518518518 0.0765625 0.41574074074074074
0 0.61171875 0.5402777777777777 0.09947916666666666 0.4601851851851852
0 0.5200520833333333 0.538425925925926 0.0828125 0.42314814814814816
