0 0.9424479166666667 0.4791666666666667 0.044270833333333336 0.20092592592592592
0 0.8138020833333334 0.5180555555555556 0.04739583333333333 0.2601851851851852
0 0.50703125 0.5217592592592593 0.06927083333333334 0.3638888888888889
0 0.8231770833333333 0.575462962962963 0.04114583333333333 0.1675925925925926
0 0.6424479166666667 0.5060185185185185 0.050520833333333334 0.2175925925925926
0 0.5325520833333334 0.538425925925926 0.08489583333333334 0.3416666666666667
0 0.7044270833333334 0.5087962962962963 0.06822916666666666 0.3638888888888889
0 0.64453125 0.5375 0.06927083333333334 0.30277777777777776
0 0.5544270833333333 0.5162037037037037 0.12447916666666667 0.5083333333333333
0 0.4544270833333333 0.524537037037037 0.0890625 0.47685185185185186
0 0.37161458333333336 0.5652777777777778 0.1296875 0.5657407407407408
0 0.30182291666666666 0.5550925925925926 0.0859375 0.5194444444444445
0 0.9299479166666667 0.49212962962962964 0.044270833333333336 0.20462962962962963
