0 0.8596354166666667 0.513425925925926 0.06197916666666667 0.2657407407407407
0 0.78359375 0.5041666666666667 0.05364583333333333 0.25462962962962965
0 0.8966145833333333 0.5782407407407407 0.04635416666666667 0.19907407407407407
0 0.6361979166666667 0.5171296296296296 0.0734375 0.3138888888888889
0 0.8393229166666667 0.5078703703703704 0.05260416666666667 0.25833333333333336
0 0.91640625 0.49212962962962964 0.04635416666666667 0.23796296296296296
0 0.85703125 0.5106481481481482 0.03802083333333333 0.20833333333333334
0 0.7924479166666667 0.5023148148148148 0.0734375 0.3175925925925926
0 0.73828125 0.5041666666666667 0.06510416666666667 0.3101851851851852
0 0.7888020833333333 0.5226851851851851 0.0765625 0.3398148148148148
0 0.6986979166666667 0.5208333333333334 0.07135416666666666 0.3175925925925926
