0 0.9856770833333334 0.4828703703703704 0.0265625 0.1675925925925926
0 0.81640625 0.5041666666666667 0.03802083333333333 0.17685185185185184
0 0.28463541666666664 0.5476851851851852 0.10989583333333333 0.5157407407407407
0 0.75859375 0.5125 0.0578125 0.2972222222222222
0 0.6471354166666666 0.5115740740740741 0.0453125 0.17314814814814813
0 0.9544270833333334 0.48935185185185187 0.043229166666666666 0.19537037037037036
0 0.96953125 0.5013888888888889 0.058854166666666666 0.21944444444444444
0 0.97578125 0.49398148148148147 0.0359375 0.1935185185185185
0 0.8174479166666667 0.5050925925925925 0.05677083333333333 0.24166666666666667
0 0.8565104166666667 0.5023148148148148 0.05572916666666667 0.24351851851851852
0 0.74453125 0.5106481481481482 0.0359375 0.1675925925925926
