0 0.84921875 0.5393518518518519 0.05572916666666667 0.2212962962962963
0 0.6611979166666667 0.5060185185185185 0.06302083333333333 0.3138888888888889
0 0.91484375 0.5800925925925926 0.04739583333333333 0.19166666666666668
0 0.65546875 0.5152777777777777 0.06197916666666667 0.2657407407407407
0 0.7002604166666667 0.5180555555555556 0.06614583333333333 0.2935185185185185
0 0.8111979166666666 0.5013888888888889 0.05677083333333333 0.30462962962962964
0 0.7611979166666667 0.5171296296296296 0.0484375 0.2361111111111111
0 0.7252604166666666 0.5087962962962963 0.08489583333333334 0.38981481481481484
0 0.6497395833333334 0.5115740740740741 0.0734375 0.38796296296296295
0 0.69296875 0.5356481481481481 0.0953125 0.425
0 0.58046875 0.5310185185185186 0.08072916666666667 0.3972222222222222
