0 0.9231770833333334 0.5143518518518518 0.04739583333333333 0.2935185185185185
0 0.8403645833333333 0.500462962962963 0.0484375 0.23981481481481481
0 0.9018229166666667 0.5893518518518519 0.0484375 0.19537037037037036
0 0.6174479166666667 0.5282407407407408 0.08385416666666666 0.36574074074074076
0 0.8830729166666667 0.5041666666666667 0.05260416666666667 0.23981481481481481
0 0.95234375 0.48657407407407405 0.0390625 0.22685185185185186
0 0.9059895833333333 0.5069444444444444 0.0359375 0.19722222222222222
0 0.8346354166666666 0.500462962962963 0.06614583333333333 0.2916666666666667
0 0.75546875 0.49953703703703706 0.06197916666666667 0.2861111111111111
0 0.8106770833333333 0.5171296296296296 0.06822916666666666 0.29907407407407405
0 0.7591145833333334 0.5152777777777777 0.0671875 0.27314814814814814
