0 0.34401041666666665 0.5662037037037037 0.23072916666666668 0.8601851851851852
0 0.84140625 0.49583333333333335 0.06927083333333334 0.2601851851851852
0 0.7455729166666667 0.513425925925926 0.04635416666666667 0.2212962962962963
0 0.30963541666666666 0.5347222222222222 0.08489583333333334 0.3712962962962963
0 0.7143229166666667 0.5634259259259259 0.0359375 0.15092592592592594
0 0.5674479166666667 0.49953703703703706 0.20260416666666667 0.9935185185185185
0 0.24296875 0.5504629629629629 0.07447916666666667 0.35833333333333334
0 0.37213541666666666 0.5319444444444444 0.1015625 0.5027777777777778
0 0.30182291666666666 0.5782407407407407 0.10052083333333334 0.41759259259259257
0 0.7471354166666667 0.4976851851851852 0.04739583333333333 0.21574074074074073
