0 0.35963541666666665 0.5680555555555555 0.2265625 0.8564814814814815
0 0.8372395833333334 0.49398148148148147 0.06927083333333334 0.2638888888888889
0 0.7434895833333334 0.513425925925926 0.04635416666666667 0.2212962962962963
0 0.3059895833333333 0.5347222222222222 0.08385416666666666 0.3712962962962963
0 0.7122395833333334 0.5615740740740741 0.0359375 0.15092592592592594
0 0.5794270833333334 0.5013888888888889 0.20364583333333333 0.9935185185185185
0 0.23723958333333334 0.549537037037037 0.07552083333333333 0.35648148148148145
0 0.35494791666666664 0.5328703703703703 0.10260416666666666 0.5083333333333333
0 0.28880208333333335 0.5791666666666667 0.1015625 0.42314814814814816
0 0.7419270833333333 0.4976851851851852 0.04739583333333333 0.21574074074074073
