0 0.96015625 0.48842592592592593 0.03177083333333333 0.18611111111111112
0 0.18307291666666667 0.5606481481481481 0.18385416666666668 0.7898148148148149
0 0.75078125 0.5069444444444444 0.03177083333333333 0.1787037037037037
0 0.11067708333333333 0.5578703703703703 0.1390625 0.6027777777777777
0 0.6502604166666667 0.5171296296296296 0.06822916666666666 0.3435185185185185
0 0.9205729166666666 0.49212962962962964 0.04635416666666667 0.21203703703703702
0 0.96953125 0.5013888888888889 0.058854166666666666 0.21944444444444444
0 0.95078125 0.4930555555555556 0.044270833333333336 0.2064814814814815
0 0.9434895833333333 0.4949074074074074 0.050520833333333334 0.262037037037037
0 0.97578125 0.48842592592592593 0.04010416666666667 0.2712962962962963
0 0.6716145833333333 0.5115740740740741 0.033854166666666664 0.16203703703703703
