0 0.9169270833333333 0.4828703703703704 0.0515625 0.21574074074074073
0 0.7950520833333333 0.5143518518518518 0.04739583333333333 0.2490740740740741
0 0.4513020833333333 0.5263888888888889 0.07447916666666667 0.36944444444444446
0 0.7825520833333334 0.5699074074074074 0.0390625 0.1638888888888889
0 0.6486979166666667 0.5125 0.07760416666666667 0.38981481481481484
0 0.57890625 0.5458333333333333 0.07552083333333333 0.32685185185185184
0 0.44036458333333334 0.5273148148148148 0.13177083333333334 0.5527777777777778
0 0.35703125 0.5328703703703703 0.1046875 0.5231481481481481
0 0.22317708333333333 0.5773148148148148 0.14739583333333334 0.6268518518518519
0 0.16380208333333332 0.5717592592592593 0.10364583333333334 0.5787037037037037
0 0.88046875 0.49398148148148147 0.043229166666666666 0.20833333333333334
