0 0.9018229166666667 0.49212962962962964 0.0421875 0.21944444444444444
0 0.5455729166666666 0.5337962962962963 0.10885416666666667 0.46944444444444444
0 0.6299479166666667 0.5087962962962963 0.03177083333333333 0.1787037037037037
0 0.32473958333333336 0.5393518518518519 0.09635416666666667 0.5324074074074074
0 0.93046875 0.4986111111111111 0.03697916666666667 0.2064814814814815
0 0.95859375 0.5032407407407408 0.030729166666666665 0.1712962962962963
0 0.9044270833333333 0.4949074074074074 0.05364583333333333 0.25833333333333336
0 0.81796875 0.4976851851851852 0.05572916666666667 0.2490740740740741
0 0.8919270833333334 0.5087962962962963 0.0640625 0.2564814814814815
0 0.83046875 0.5078703703703704 0.0578125 0.24351851851851852
