0 0.9700520833333334 0.48657407407407405 0.028645833333333332 0.1787037037037037
0 0.09244791666666667 0.5625 0.17135416666666667 0.8638888888888889
0 0.7736979166666667 0.5050925925925925 0.033854166666666664 0.1787037037037037
0 0.17213541666666668 0.5532407407407407 0.1328125 0.5712962962962963
0 0.6971354166666667 0.5152777777777777 0.0640625 0.325
0 0.9325520833333333 0.49212962962962964 0.0453125 0.20462962962962963
0 0.96953125 0.5013888888888889 0.058854166666666666 0.21944444444444444
0 0.9596354166666666 0.4930555555555556 0.04114583333333333 0.20277777777777778
0 0.8950520833333333 0.49953703703703706 0.05572916666666667 0.2564814814814815
0 0.93359375 0.4930555555555556 0.0453125 0.262037037037037
0 0.6971354166666667 0.5106481481481482 0.034895833333333334 0.1638888888888889
