0 0.46901041666666665 0.5856481481481481 0.2015625 0.8212962962962963
0 0.80703125 0.48657407407407405 0.07552083333333333 0.2898148148148148
0 0.7372395833333333 0.5143518518518518 0.044270833333333336 0.21574074074074073
0 0.28203125 0.5347222222222222 0.08177083333333333 0.36018518518518516
0 0.70546875 0.5587962962962963 0.034895833333333334 0.14907407407407408
0 0.65703125 0.5125 0.1984375 0.9416666666666667
0 0.21380208333333334 0.5458333333333333 0.07239583333333334 0.33055555555555555
0 0.23151041666666666 0.5402777777777777 0.10572916666666667 0.549074074074074
0 0.17682291666666666 0.5893518518518519 0.1046875 0.45092592592592595
0 0.70546875 0.4986111111111111 0.0515625 0.2175925925925926
