0 0.8606770833333334 0.5421296296296296 0.059895833333333336 0.21574074074074073
0 0.72890625 0.5023148148148148 0.058854166666666666 0.28425925925925927
0 0.90390625 0.5773148148148148 0.04635416666666667 0.1935185185185185
0 0.64765625 0.5171296296296296 0.0671875 0.2916666666666667
0 0.7736979166666667 0.5097222222222222 0.06302083333333333 0.27685185185185185
0 0.8643229166666667 0.49675925925925923 0.050520833333333334 0.27314814814814814
0 0.81171875 0.513425925925926 0.04114583333333333 0.2212962962962963
0 0.7658854166666667 0.5050925925925925 0.07239583333333334 0.3527777777777778
0 0.69921875 0.5087962962962963 0.0703125 0.3453703703703704
0 0.7747395833333334 0.5226851851851851 0.0859375 0.38055555555555554
0 0.6424479166666667 0.5254629629629629 0.07552083333333333 0.35648148148148145
