0 0.86015625 0.5365740740740741 0.0609375 0.22685185185185186
0 0.7408854166666666 0.5023148148148148 0.0578125 0.27685185185185185
0 0.90234375 0.5782407407407407 0.04739583333333333 0.19537037037037036
0 0.6455729166666667 0.5171296296296296 0.06927083333333334 0.2953703703703704
0 0.78828125 0.5097222222222222 0.0609375 0.27314814814814814
0 0.87578125 0.49675925925925923 0.050520833333333334 0.2657407407407407
0 0.8216145833333334 0.5125 0.04010416666666667 0.21944444444444444
0 0.77109375 0.5050925925925925 0.07239583333333334 0.3453703703703704
0 0.71015625 0.5078703703703704 0.06927083333333334 0.33611111111111114
0 0.7794270833333333 0.5226851851851851 0.08489583333333334 0.3731481481481482
0 0.6544270833333333 0.5236111111111111 0.07447916666666667 0.3490740740740741
