0 0.9799479166666667 0.4828703703703704 0.027604166666666666 0.1712962962962963
0 0.7971354166666667 0.5041666666666667 0.03697916666666667 0.17685185185185184
0 0.23723958333333334 0.5504629629629629 0.12135416666666667 0.5398148148148149
0 0.7309895833333333 0.513425925925926 0.0609375 0.3101851851851852
0 0.94453125 0.49027777777777776 0.044270833333333336 0.19722222222222222
0 0.96953125 0.5013888888888889 0.058854166666666666 0.21944444444444444
0 0.9684895833333333 0.49398148148148147 0.03802083333333333 0.19722222222222222
0 0.8471354166666667 0.5050925925925925 0.059895833333333336 0.25277777777777777
0 0.89140625 0.4986111111111111 0.050520833333333334 0.25092592592592594
0 0.7236979166666667 0.5115740740740741 0.0359375 0.16574074074074074
