0 0.83828125 0.5041666666666667 0.04010416666666667 0.17685185185185184
0 0.32890625 0.5449074074074074 0.0984375 0.487962962962963
0 0.12213541666666666 0.5652777777777778 0.1515625 0.6916666666666667
0 0.7903645833333334 0.5115740740740741 0.0546875 0.28425925925925927
0 0.6731770833333334 0.5125 0.0453125 0.175
0 0.96171875 0.4875 0.04114583333333333 0.19166666666666668
0 0.96953125 0.5013888888888889 0.058854166666666666 0.21944444444444444
0 0.78515625 0.5069444444444444 0.0546875 0.23055555555555557
0 0.82265625 0.5032407407407408 0.05260416666666667 0.23425925925925925
0 0.7721354166666666 0.5106481481481482 0.03697916666666667 0.1712962962962963
