0 0.8611979166666667 0.5013888888888889 0.0359375 0.1787037037037037
0 0.38046875 0.5347222222222222 0.08489583333333334 0.4601851851851852
0 0.27734375 0.5476851851851852 0.13072916666666667 0.6157407407407407
0 0.8221354166666667 0.5041666666666667 0.0515625 0.26944444444444443
0 0.7153645833333333 0.5143518518518518 0.0484375 0.1787037037037037
0 0.97265625 0.48564814814814816 0.04010416666666667 0.19166666666666668
0 0.96953125 0.5013888888888889 0.058854166666666666 0.21944444444444444
0 0.7361979166666667 0.5078703703703704 0.050520833333333334 0.21388888888888888
0 0.77265625 0.5069444444444444 0.0484375 0.22314814814814815
0 0.81796875 0.5087962962962963 0.0390625 0.175
