0 0.5002604166666667 0.5912037037037037 0.19322916666666667 0.8101851851851852
0 0.7940104166666667 0.48564814814814816 0.0765625 0.2953703703703704
0 0.7356770833333334 0.5143518518518518 0.0453125 0.21574074074074073
0 0.27630208333333334 0.5337962962962963 0.08072916666666667 0.35462962962962963
0 0.70546875 0.5578703703703703 0.034895833333333334 0.14722222222222223
0 0.6752604166666667 0.5180555555555556 0.1890625 0.9194444444444444
0 0.21067708333333332 0.5439814814814815 0.0703125 0.32314814814814813
0 0.19661458333333334 0.5421296296296296 0.10677083333333333 0.5601851851851852
0 0.13932291666666666 0.5912037037037037 0.1046875 0.4583333333333333
0 0.6950520833333333 0.4986111111111111 0.05364583333333333 0.2175925925925926
