0 0.9575520833333333 0.47453703703703703 0.04114583333333333 0.18796296296296297
0 0.8247395833333333 0.5189814814814815 0.0484375 0.2657407407407407
0 0.5450520833333333 0.5189814814814815 0.06614583333333333 0.35833333333333334
0 0.8565104166666667 0.5763888888888888 0.043229166666666666 0.17314814814814813
0 0.65078125 0.5069444444444444 0.050520833333333334 0.22314814814814815
0 0.5815104166666667 0.5328703703703703 0.07447916666666667 0.32314814814814813
0 0.7299479166666667 0.5078703703703704 0.06510416666666667 0.3509259259259259
0 0.6731770833333334 0.5319444444444444 0.0640625 0.28425925925925927
0 0.6002604166666666 0.5152777777777777 0.11614583333333334 0.47685185185185186
0 0.5174479166666667 0.5189814814814815 0.0796875 0.44722222222222224
0 0.47213541666666664 0.5560185185185185 0.11822916666666666 0.525
0 0.39453125 0.5476851851851852 0.0921875 0.4824074074074074
0 0.9513020833333333 0.4912037037037037 0.0453125 0.19907407407407407
