0 0.8736979166666666 0.49953703703703706 0.033854166666666664 0.1787037037037037
0 0.4075520833333333 0.5291666666666667 0.07864583333333333 0.44537037037037036
0 0.35703125 0.5458333333333333 0.13177083333333334 0.575
0 0.8393229166666667 0.500462962962963 0.0484375 0.262037037037037
0 0.7419270833333333 0.5152777777777777 0.049479166666666664 0.18055555555555555
0 0.9768229166666667 0.4847222222222222 0.03802083333333333 0.1824074074074074
0 0.96953125 0.5013888888888889 0.058854166666666666 0.21944444444444444
0 0.71015625 0.5087962962962963 0.0484375 0.20462962962962963
0 0.7455729166666667 0.5087962962962963 0.04635416666666667 0.21574074074074073
0 0.8424479166666666 0.5078703703703704 0.04010416666666667 0.17685185185185184
