0 0.9122395833333333 0.4837962962962963 0.05260416666666667 0.2175925925925926
0 0.7908854166666667 0.513425925925926 0.04739583333333333 0.24722222222222223
0 0.44140625 0.5273148148148148 0.07552083333333333 0.3712962962962963
0 0.77734375 0.5689814814814815 0.0390625 0.16203703703703703
0 0.63515625 0.513425925925926 0.0796875 0.39537037037037037
0 0.5653645833333333 0.5467592592592593 0.07760416666666667 0.33240740740740743
0 0.41640625 0.5300925925925926 0.13385416666666666 0.562037037037037
0 0.33828125 0.5347222222222222 0.10677083333333333 0.5305555555555556
0 0.18880208333333334 0.5819444444444445 0.14739583333333334 0.6472222222222223
0 0.13776041666666666 0.5782407407407407 0.1140625 0.5916666666666667
0 0.87109375 0.49398148148148147 0.043229166666666666 0.20833333333333334
