0 0.32109375 0.5634259259259259 0.23697916666666666 0.8694444444444445
0 0.8466145833333333 0.49583333333333335 0.0671875 0.2564814814814815
0 0.7486979166666666 0.5125 0.04635416666666667 0.22314814814814815
0 0.3143229166666667 0.5347222222222222 0.0859375 0.375
0 0.7169270833333333 0.5634259259259259 0.03697916666666667 0.15092592592592594
0 0.5502604166666667 0.4986111111111111 0.2015625 0.9916666666666667
0 0.25234375 0.5504629629629629 0.07447916666666667 0.36203703703703705
0 0.39869791666666665 0.5310185185185186 0.10052083333333334 0.4935185185185185
0 0.3216145833333333 0.575462962962963 0.0984375 0.41203703703703703
0 0.7549479166666667 0.4976851851851852 0.04635416666666667 0.21574074074074073
