0 0.9815104166666667 0.4699074074074074 0.034895833333333334 0.1675925925925926
0 0.83515625 0.5189814814814815 0.050520833333333334 0.25462962962962965
0 0.6044270833333333 0.5115740740740741 0.0640625 0.33611111111111114
0 0.9111979166666667 0.5782407407407407 0.04635416666666667 0.18796296296296297
0 0.65390625 0.5106481481481482 0.05677083333333333 0.24537037037037038
0 0.6455729166666667 0.524537037037037 0.0671875 0.30648148148148147
0 0.7716145833333333 0.5050925925925925 0.0609375 0.32685185185185184
0 0.7200520833333334 0.5217592592592593 0.05572916666666667 0.2564814814814815
0 0.6747395833333333 0.5115740740740741 0.10052083333333334 0.425
0 0.59296875 0.5152777777777777 0.0765625 0.41759259259259257
0 0.60078125 0.5402777777777777 0.10052083333333334 0.4638888888888889
0 0.5122395833333333 0.5393518518518519 0.08385416666666666 0.4287037037037037
