0 0.8565104166666667 0.5013888888888889 0.03697916666666667 0.1787037037037037
0 0.37057291666666664 0.5375 0.08802083333333334 0.46574074074074073
0 0.24765625 0.5486111111111112 0.1296875 0.6287037037037037
0 0.8158854166666667 0.5060185185185185 0.0515625 0.27314814814814814
0 0.70546875 0.5143518518518518 0.04739583333333333 0.1787037037037037
0 0.9705729166666667 0.48564814814814816 0.04010416666666667 0.19166666666666668
0 0.96953125 0.5013888888888889 0.058854166666666666 0.21944444444444444
0 0.7455729166666667 0.5078703703703704 0.050520833333333334 0.2175925925925926
0 0.7825520833333334 0.5060185185185185 0.049479166666666664 0.225
0 0.8091145833333333 0.5097222222222222 0.03802083333333333 0.17314814814814813
