0 0.9231770833333334 0.4828703703703704 0.049479166666666664 0.21203703703703702
0 0.79921875 0.5152777777777777 0.04739583333333333 0.25092592592592594
0 0.46536458333333336 0.5254629629629629 0.0734375 0.3675925925925926
0 0.7893229166666667 0.5699074074074074 0.04010416666666667 0.1638888888888889
0 0.47890625 0.5439814814814815 0.09635416666666667 0.36018518518518516
0 0.6658854166666667 0.5125 0.07447916666666667 0.3824074074074074
0 0.5971354166666667 0.5430555555555555 0.07447916666666667 0.3212962962962963
0 0.47317708333333336 0.5236111111111111 0.13072916666666667 0.5416666666666666
0 0.3809895833333333 0.5310185185185186 0.10052083333333334 0.5120370370370371
0 0.26171875 0.5736111111111111 0.14322916666666666 0.6083333333333333
0 0.19921875 0.5634259259259259 0.0890625 0.562037037037037
0 0.89296875 0.4930555555555556 0.043229166666666666 0.2064814814814815
