0 0.9549479166666667 0.49027777777777776 0.03177083333333333 0.18981481481481483
0 0.24765625 0.5625 0.1609375 0.7527777777777778
0 0.73828125 0.5069444444444444 0.03177083333333333 0.1787037037037037
0 0.07734375 0.5606481481481481 0.14322916666666666 0.6194444444444445
0 0.62421875 0.5180555555555556 0.0703125 0.3527777777777778
0 0.9138020833333333 0.4930555555555556 0.04739583333333333 0.21388888888888888
0 0.96953125 0.5013888888888889 0.058854166666666666 0.21944444444444444
0 0.93984375 0.4949074074074074 0.0453125 0.2101851851851852
0 0.9700520833333334 0.4930555555555556 0.04739583333333333 0.2657407407407407
0 0.6580729166666667 0.5125 0.033854166666666664 0.16018518518518518
