0 0.89296875 0.5143518518518518 0.0578125 0.275
0 0.8153645833333333 0.5013888888888889 0.050520833333333334 0.24537037037037038
0 0.8955729166666667 0.5810185185185185 0.044270833333333336 0.20092592592592592
0 0.6278645833333333 0.5189814814814815 0.07760416666666667 0.33240740740740743
0 0.8658854166666666 0.5069444444444444 0.0515625 0.2490740740740741
0 0.9372395833333333 0.48842592592592593 0.0421875 0.23055555555555557
0 0.8841145833333334 0.5097222222222222 0.03802083333333333 0.20277777777777778
0 0.81484375 0.5013888888888889 0.0703125 0.30092592592592593
0 0.74765625 0.5013888888888889 0.06302083333333333 0.2972222222222222
0 0.79765625 0.5226851851851851 0.07135416666666666 0.3175925925925926
0 0.7325520833333333 0.5180555555555556 0.06822916666666666 0.2935185185185185
