0 0.9825520833333333 0.48194444444444445 0.0265625 0.16944444444444445
0 0.8033854166666666 0.5041666666666667 0.03697916666666667 0.17685185185185184
0 0.25494791666666666 0.5486111111111112 0.1171875 0.5324074074074074
0 0.73984375 0.5125 0.059895833333333336 0.30462962962962964
0 0.6315104166666666 0.5106481481481482 0.0453125 0.1712962962962963
0 0.9481770833333333 0.49027777777777776 0.043229166666666666 0.19722222222222222
0 0.96953125 0.5013888888888889 0.058854166666666666 0.21944444444444444
0 0.9705729166666667 0.49398148148148147 0.03802083333333333 0.19722222222222222
0 0.8372395833333334 0.5050925925925925 0.058854166666666666 0.2490740740740741
0 0.8799479166666667 0.49953703703703706 0.05260416666666667 0.2490740740740741
0 0.73046875 0.5106481481481482 0.03697916666666667 0.1675925925925926
