0 0.9856770833333334 0.4828703703703704 0.0265625 0.1675925925925926
0 0.8294270833333334 0.5041666666666667 0.0390625 0.17685185185185184
0 0.3111979166666667 0.5467592592592593 0.10260416666666666 0.49907407407407406
0 0.08046875 0.5726851851851852 0.15989583333333332 0.7138888888888889
0 0.77734375 0.5106481481481482 0.05572916666666667 0.2898148148148148
0 0.6627604166666666 0.5115740740740741 0.0453125 0.17314814814814813
0 0.9591145833333333 0.48842592592592593 0.0421875 0.1935185185185185
0 0.96953125 0.5013888888888889 0.058854166666666666 0.21944444444444444
0 0.9799479166666667 0.4949074074074074 0.033854166666666664 0.19166666666666668
0 0.7981770833333334 0.5060185185185185 0.05572916666666667 0.2361111111111111
0 0.8361979166666667 0.5032407407407408 0.0546875 0.23796296296296296
0 0.7596354166666667 0.5106481481481482 0.03697916666666667 0.1712962962962963
