0 0.8606770833333334 0.5513888888888889 0.059895833333333336 0.20092592592592592
0 0.71171875 0.5013888888888889 0.059895833333333336 0.2935185185185185
0 0.90703125 0.5773148148148148 0.04635416666666667 0.1935185185185185
0 0.6513020833333333 0.5171296296296296 0.06614583333333333 0.28425925925925927
0 0.75234375 0.5115740740740741 0.0640625 0.28055555555555556
0 0.8481770833333333 0.4986111111111111 0.0515625 0.28425925925925927
0 0.7971354166666667 0.5143518518518518 0.043229166666666666 0.22685185185185186
0 0.7575520833333333 0.5060185185185185 0.07239583333333334 0.36574074074074076
0 0.6846354166666667 0.5097222222222222 0.0703125 0.35833333333333334
0 0.75859375 0.5282407407407408 0.0890625 0.39166666666666666
0 0.6252604166666667 0.5263888888888889 0.0765625 0.36944444444444446
