0 0.85859375 0.5013888888888889 0.03697916666666667 0.1787037037037037
0 0.37421875 0.5365740740740741 0.08697916666666666 0.4638888888888889
0 0.25703125 0.5486111111111112 0.1296875 0.625
0 0.81796875 0.5050925925925925 0.0515625 0.2712962962962963
0 0.70859375 0.5143518518518518 0.04739583333333333 0.1787037037037037
0 0.9716145833333333 0.48564814814814816 0.04010416666666667 0.19166666666666668
0 0.96953125 0.5013888888888889 0.058854166666666666 0.21944444444444444
0 0.7424479166666667 0.5087962962962963 0.050520833333333334 0.21574074074074073
0 0.77890625 0.5069444444444444 0.0484375 0.22314814814814815
0 0.81171875 0.5087962962962963 0.0390625 0.175
