0 0.8872395833333333 0.49953703703703706 0.03177083333333333 0.1787037037037037
0 0.43515625 0.5236111111111111 0.07135416666666666 0.4305555555555556
0 0.43723958333333335 0.5439814814814815 0.13177083333333334 0.5342592592592592
0 0.85703125 0.4986111111111111 0.04635416666666667 0.25462962962962965
0 0.7690104166666667 0.5171296296296296 0.049479166666666664 0.18425925925925926
0 0.98046875 0.48657407407407405 0.03697916666666667 0.1712962962962963
0 0.96953125 0.5013888888888889 0.058854166666666666 0.21944444444444444
0 0.6846354166666667 0.5115740740740741 0.0453125 0.19537037037037036
0 0.7190104166666667 0.5106481481481482 0.043229166666666666 0.20833333333333334
0 0.8674479166666667 0.5087962962962963 0.04010416666666667 0.1787037037037037
