0 0.8856770833333333 0.4949074074074074 0.043229166666666666 0.225
0 0.5778645833333333 0.5291666666666667 0.09635416666666667 0.43425925925925923
0 0.23046875 0.5560185185185185 0.1203125 0.6064814814814815
0 0.9174479166666667 0.5013888888888889 0.0421875 0.20833333333333334
0 0.9768229166666667 0.48194444444444445 0.03177083333333333 0.2175925925925926
0 0.9455729166666667 0.5041666666666667 0.033854166666666664 0.18055555555555555
0 0.8809895833333333 0.49675925925925923 0.058854166666666666 0.26944444444444443
0 0.7940104166666667 0.49953703703703706 0.0578125 0.2601851851851852
0 0.87265625 0.5106481481481482 0.06510416666666667 0.2638888888888889
0 0.80859375 0.5106481481481482 0.059895833333333336 0.25277777777777777
