0 0.8486979166666667 0.5023148148148148 0.03802083333333333 0.17685185185185184
0 0.35390625 0.5402777777777777 0.0921875 0.475
0 0.19557291666666668 0.5541666666666667 0.1359375 0.6546296296296297
0 0.8049479166666667 0.5078703703703704 0.05260416666666667 0.27685185185185185
0 0.69140625 0.513425925925926 0.04635416666666667 0.17685185185185184
0 0.9669270833333333 0.48657407407407405 0.04114583333333333 0.1935185185185185
0 0.96953125 0.5013888888888889 0.058854166666666666 0.21944444444444444
0 0.7622395833333333 0.5069444444444444 0.05260416666666667 0.22314814814814815
0 0.79921875 0.5060185185185185 0.0515625 0.22870370370370371
0 0.7934895833333333 0.5097222222222222 0.03802083333333333 0.17314814814814813
