0 0.8783854166666667 0.49027777777777776 0.059895833333333336 0.23796296296296296
0 0.7690104166666667 0.5125 0.04739583333333333 0.23425925925925925
0 0.36796875 0.5319444444444444 0.0828125 0.3768518518518518
0 0.74296875 0.5662037037037037 0.0390625 0.15648148148148147
0 0.3424479166666667 0.4986111111111111 0.27760416666666665 0.9953703703703703
0 0.33255208333333336 0.549537037037037 0.0828125 0.3712962962962963
0 0.53515625 0.5208333333333334 0.09427083333333333 0.4361111111111111
0 0.45598958333333334 0.5597222222222222 0.08802083333333334 0.36944444444444446
0 0.23463541666666668 0.5486111111111112 0.15364583333333334 0.6694444444444444
0 0.15703125 0.5504629629629629 0.11927083333333334 0.5990740740740741
0 0.80703125 0.49675925925925923 0.0421875 0.21388888888888888
