0 0.9596354166666666 0.513425925925926 0.034895833333333334 0.3175925925925926
0 0.86953125 0.4976851851851852 0.04635416666666667 0.23055555555555557
0 0.9518229166666666 0.5856481481481481 0.050520833333333334 0.2175925925925926
0 0.5986979166666667 0.5282407407407408 0.07760416666666667 0.39166666666666666
0 0.10182291666666667 0.5708333333333333 0.11302083333333333 0.687962962962963
0 0.9028645833333333 0.500462962962963 0.050520833333333334 0.225
0 0.9669270833333333 0.4837962962962963 0.034895833333333334 0.2212962962962963
0 0.9315104166666667 0.5060185185185185 0.034895833333333334 0.19166666666666668
0 0.85859375 0.49953703703703706 0.06197916666666667 0.27870370370370373
0 0.7690104166666667 0.5032407407407408 0.059895833333333336 0.2824074074074074
0 0.8471354166666667 0.513425925925926 0.06614583333333333 0.27685185185185185
0 0.78671875 0.5125 0.0640625 0.2601851851851852
