0 0.8419270833333333 0.5291666666666667 0.05364583333333333 0.23796296296296296
0 0.6309895833333333 0.5087962962962963 0.06302083333333333 0.32685185185185184
0 0.9205729166666666 0.5791666666666667 0.04635416666666667 0.18981481481481483
0 0.6549479166666666 0.513425925925926 0.058854166666666666 0.25462962962962965
0 0.6716145833333333 0.5217592592592593 0.0671875 0.30092592592592593
0 0.7903645833333334 0.5032407407407408 0.058854166666666666 0.31574074074074077
0 0.7408854166666666 0.5180555555555556 0.0515625 0.24166666666666667
0 0.7059895833333333 0.5106481481481482 0.09427083333333333 0.4046296296296296
0 0.6268229166666667 0.513425925925926 0.07552083333333333 0.4064814814814815
0 0.6440104166666667 0.538425925925926 0.09739583333333333 0.44537037037037036
0 0.54453125 0.5347222222222222 0.08177083333333333 0.41203703703703703
