0 0.88984375 0.4949074074074074 0.043229166666666666 0.225
0 0.5705729166666667 0.5300925925925926 0.10052083333333334 0.44722222222222224
0 0.26171875 0.5513888888888889 0.1203125 0.5861111111111111
0 0.92109375 0.5023148148148148 0.0390625 0.2064814814814815
0 0.9794270833333333 0.4810185185185185 0.030729166666666665 0.21574074074074073
0 0.94921875 0.5041666666666667 0.0328125 0.17685185185185184
0 0.8872395833333333 0.49675925925925923 0.05677083333333333 0.2657407407407407
0 0.80078125 0.4986111111111111 0.05677083333333333 0.25462962962962965
0 0.8778645833333333 0.5097222222222222 0.06510416666666667 0.262037037037037
0 0.81484375 0.5106481481481482 0.059895833333333336 0.2490740740740741
