0 0.96484375 0.4875 0.030729166666666665 0.18055555555555555
0 0.13828125 0.5606481481481481 0.18385416666666668 0.8231481481481482
0 0.7606770833333333 0.5050925925925925 0.0328125 0.1787037037037037
0 0.13880208333333333 0.5560185185185185 0.13697916666666668 0.5879629629629629
0 0.67109375 0.5152777777777777 0.06614583333333333 0.33611111111111114
0 0.92578125 0.49212962962962964 0.04635416666666667 0.20833333333333334
0 0.96953125 0.5013888888888889 0.058854166666666666 0.21944444444444444
0 0.9549479166666667 0.4930555555555556 0.0421875 0.2064814814814815
0 0.9216145833333333 0.4976851851851852 0.05260416666666667 0.2601851851851852
0 0.9565104166666667 0.49027777777777776 0.043229166666666666 0.2675925925925926
0 0.68359375 0.5115740740740741 0.034895833333333334 0.16203703703703703
