0 0.9153645833333334 0.4837962962962963 0.050520833333333334 0.2175925925925926
0 0.7940104166666667 0.5143518518518518 0.04739583333333333 0.2490740740740741
0 0.44817708333333334 0.5263888888888889 0.07447916666666667 0.36944444444444446
0 0.7809895833333333 0.5689814814814815 0.04010416666666667 0.16203703703703703
0 0.6440104166666667 0.513425925925926 0.07864583333333333 0.39166666666666666
0 0.57421875 0.5458333333333333 0.0765625 0.33055555555555555
0 0.43255208333333334 0.5282407407407408 0.1328125 0.5546296296296296
0 0.35078125 0.5337962962962963 0.1046875 0.525
0 0.21171875 0.5791666666666667 0.14739583333333334 0.6342592592592593
0 0.15494791666666666 0.5736111111111111 0.10677083333333333 0.5824074074074074
0 0.87734375 0.49398148148148147 0.043229166666666666 0.20833333333333334
