0 0.8596354166666667 0.5254629629629629 0.06197916666666667 0.24537037037037038
0 0.7596354166666667 0.5032407407407408 0.05572916666666667 0.2675925925925926
0 0.89921875 0.5782407407407407 0.04739583333333333 0.19537037037037036
0 0.6408854166666667 0.5171296296296296 0.0703125 0.30277777777777776
0 0.8106770833333333 0.5087962962962963 0.0578125 0.2675925925925926
0 0.8940104166666667 0.49398148148148147 0.04739583333333333 0.25277777777777777
0 0.8372395833333334 0.5115740740740741 0.04010416666666667 0.21388888888888888
0 0.7809895833333333 0.5032407407407408 0.0734375 0.33425925925925926
0 0.72734375 0.5060185185185185 0.06822916666666666 0.3212962962962963
0 0.78359375 0.5226851851851851 0.08072916666666667 0.35833333333333334
0 0.6736979166666667 0.5217592592592593 0.0734375 0.33425925925925926
