0 0.83828125 0.5236111111111111 0.05260416666666667 0.24537037037037038
0 0.61796875 0.5106481481481482 0.0640625 0.33055555555555555
0 0.9236979166666667 0.5791666666666667 0.04635416666666667 0.18981481481481483
0 0.6544270833333333 0.5125 0.0578125 0.2490740740740741
0 0.65859375 0.5226851851851851 0.06822916666666666 0.30277777777777776
0 0.7815104166666667 0.5041666666666667 0.059895833333333336 0.3212962962962963
0 0.73046875 0.5199074074074074 0.05364583333333333 0.2490740740740741
0 0.69140625 0.5106481481481482 0.0984375 0.41574074074074074
0 0.61015625 0.5143518518518518 0.07552083333333333 0.41203703703703703
0 0.6221354166666667 0.5393518518518519 0.09947916666666666 0.4546296296296296
0 0.5283854166666667 0.5365740740740741 0.0828125 0.41944444444444445
