0 0.19348958333333333 0.5393518518518519 0.18385416666666668 0.9138888888888889
0 0.8580729166666666 0.4930555555555556 0.06510416666666667 0.25092592592592594
0 0.7559895833333333 0.5125 0.04635416666666667 0.22685185185185186
0 0.3263020833333333 0.5347222222222222 0.08697916666666666 0.3787037037037037
0 0.72421875 0.5671296296296297 0.03697916666666667 0.15092592592592594
0 0.49765625 0.49675925925925923 0.21510416666666668 0.9916666666666667
0 0.27369791666666665 0.5513888888888889 0.0734375 0.375
0 0.45286458333333335 0.5263888888888889 0.0984375 0.47314814814814815
0 0.3690104166666667 0.5699074074074074 0.0953125 0.3972222222222222
0 0.12109375 0.5597222222222222 0.16822916666666668 0.7472222222222222
0 0.7731770833333333 0.4976851851851852 0.0453125 0.21574074074074073
