0 0.87109375 0.49953703703703706 0.034895833333333334 0.1787037037037037
0 0.40078125 0.5310185185185186 0.0796875 0.44907407407407407
0 0.33671875 0.5467592592592593 0.13072916666666667 0.5842592592592593
0 0.83515625 0.5013888888888889 0.0484375 0.2638888888888889
0 0.73515625 0.5152777777777777 0.0484375 0.18055555555555555
0 0.9763020833333333 0.4847222222222222 0.0390625 0.18611111111111112
0 0.96953125 0.5013888888888889 0.058854166666666666 0.21944444444444444
0 0.71640625 0.5097222222222222 0.0484375 0.2064814814814815
0 0.7518229166666667 0.5078703703703704 0.04635416666666667 0.2175925925925926
0 0.83671875 0.5087962962962963 0.0390625 0.175
