0 0.84765625 0.5375 0.0546875 0.225
0 0.6544270833333333 0.5060185185185185 0.06197916666666667 0.3175925925925926
0 0.9158854166666667 0.5800925925925926 0.04739583333333333 0.19166666666666668
0 0.6549479166666666 0.5143518518518518 0.0609375 0.2638888888888889
0 0.6940104166666666 0.5189814814814815 0.06614583333333333 0.2953703703703704
0 0.80703125 0.5023148148148148 0.05677083333333333 0.30648148148148147
0 0.7565104166666666 0.5162037037037037 0.049479166666666664 0.23796296296296296
0 0.72109375 0.5087962962962963 0.08697916666666666 0.39351851851851855
0 0.6455729166666667 0.5125 0.0734375 0.39351851851851855
0 0.68203125 0.5365740740740741 0.09635416666666667 0.4305555555555556
0 0.5721354166666667 0.5310185185185186 0.08072916666666667 0.4009259259259259
