0 0.9424479166666667 0.513425925925926 0.04010416666666667 0.30648148148148147
0 0.8565104166666667 0.4986111111111111 0.04739583333333333 0.2361111111111111
0 0.9268229166666667 0.5837962962962963 0.050520833333333334 0.2101851851851852
0 0.61015625 0.5319444444444444 0.0859375 0.38425925925925924
0 0.04973958333333333 0.5763888888888888 0.0984375 0.7175925925925926
0 0.8940104166666667 0.5032407407407408 0.0515625 0.23425925925925925
0 0.9611979166666667 0.4847222222222222 0.0359375 0.22314814814814815
0 0.91953125 0.5069444444444444 0.0359375 0.1935185185185185
0 0.8471354166666667 0.500462962962963 0.0640625 0.28425925925925927
0 0.7596354166666667 0.5023148148148148 0.06197916666666667 0.287962962962963
0 0.82890625 0.5152777777777777 0.0671875 0.287962962962963
0 0.7747395833333334 0.5143518518518518 0.06510416666666667 0.2638888888888889
