0 0.9200520833333333 0.48194444444444445 0.049479166666666664 0.21388888888888888
0 0.7971354166666667 0.5152777777777777 0.04739583333333333 0.25092592592592594
0 0.45859375 0.5254629629629629 0.07447916666666667 0.3675925925925926
0 0.7861979166666667 0.5699074074074074 0.04010416666666667 0.1638888888888889
0 0.4705729166666667 0.5458333333333333 0.0984375 0.3638888888888889
0 0.65703125 0.5125 0.07552083333333333 0.3861111111111111
0 0.58828125 0.5449074074074074 0.07552083333333333 0.325
0 0.45703125 0.5263888888888889 0.13177083333333334 0.5472222222222223
0 0.3690104166666667 0.5319444444444444 0.1015625 0.5175925925925926
0 0.24348958333333334 0.575462962962963 0.14635416666666667 0.6157407407407407
0 0.18203125 0.5680555555555555 0.09635416666666667 0.5712962962962963
0 0.88671875 0.49398148148148147 0.043229166666666666 0.20833333333333334
