0 0.86015625 0.538425925925926 0.0609375 0.22314814814814815
0 0.7356770833333334 0.5023148148148148 0.0578125 0.28055555555555556
0 0.9028645833333333 0.5773148148148148 0.04635416666666667 0.1935185185185185
0 0.64609375 0.5171296296296296 0.06822916666666666 0.2916666666666667
0 0.7825520833333334 0.5097222222222222 0.06197916666666667 0.27314814814814814
0 0.87109375 0.49675925925925923 0.049479166666666664 0.26944444444444443
0 0.8174479166666667 0.5125 0.04010416666666667 0.21944444444444444
0 0.7690104166666667 0.5050925925925925 0.07239583333333334 0.3490740740740741
0 0.7059895833333333 0.5078703703703704 0.06927083333333334 0.3398148148148148
0 0.7783854166666667 0.5226851851851851 0.08489583333333334 0.3768518518518518
0 0.6497395833333334 0.524537037037037 0.07552083333333333 0.3509259259259259
