0 0.43776041666666665 0.5810185185185185 0.2078125 0.8305555555555556
0 0.8153645833333333 0.48842592592592593 0.0734375 0.2824074074074074
0 0.7388020833333333 0.513425925925926 0.0453125 0.2175925925925926
0 0.28880208333333335 0.5347222222222222 0.0828125 0.3638888888888889
0 0.7059895833333333 0.5587962962962963 0.0359375 0.14907407407407408
0 0.6393229166666666 0.5078703703703704 0.20885416666666667 0.962037037037037
0 0.21640625 0.5476851851851852 0.0734375 0.33796296296296297
0 0.26640625 0.538425925925926 0.1046875 0.537962962962963
0 0.21432291666666667 0.5875 0.1046875 0.44351851851851853
0 0.7158854166666667 0.4986111111111111 0.0515625 0.2175925925925926
