0 0.9138020833333333 0.4837962962962963 0.0515625 0.2175925925925926
0 0.79296875 0.513425925925926 0.04739583333333333 0.24722222222222223
0 0.44453125 0.5263888888888889 0.07552083333333333 0.36944444444444446
0 0.77890625 0.5689814814814815 0.04010416666666667 0.16203703703703703
0 0.63984375 0.513425925925926 0.07864583333333333 0.39166666666666666
0 0.56953125 0.5458333333333333 0.07760416666666667 0.33055555555555555
0 0.42421875 0.5282407407407408 0.1328125 0.5583333333333333
0 0.34453125 0.5337962962962963 0.10677083333333333 0.5287037037037037
0 0.20026041666666666 0.5810185185185185 0.14739583333333334 0.6416666666666667
0 0.14661458333333333 0.5763888888888888 0.1109375 0.5879629629629629
0 0.87421875 0.49398148148148147 0.043229166666666666 0.20833333333333334
