0 0.9716145833333333 0.48564814814814816 0.0296875 0.17685185185185184
0 0.7778645833333333 0.5050925925925925 0.033854166666666664 0.1787037037037037
0 0.18411458333333333 0.5523148148148148 0.13177083333333334 0.5657407407407408
0 0.7028645833333333 0.5143518518518518 0.06302083333333333 0.32314814814814813
0 0.9346354166666667 0.4912037037037037 0.0453125 0.20277777777777778
0 0.96953125 0.5013888888888889 0.058854166666666666 0.21944444444444444
0 0.9611979166666667 0.49398148148148147 0.04010416666666667 0.20092592592592592
0 0.88671875 0.500462962962963 0.05572916666666667 0.25833333333333336
0 0.92578125 0.49398148148148147 0.04635416666666667 0.2601851851851852
0 0.70234375 0.5106481481481482 0.034895833333333334 0.1638888888888889
