0 0.9856770833333334 0.4828703703703704 0.0265625 0.1675925925925926
0 0.82734375 0.5041666666666667 0.0390625 0.17685185185185184
0 0.30703125 0.5467592592592593 0.1046875 0.5027777777777778
0 0.07526041666666666 0.5736111111111111 0.14947916666666666 0.7194444444444444
0 0.77421875 0.5115740740740741 0.05572916666666667 0.2916666666666667
0 0.66015625 0.5115740740740741 0.04635416666666667 0.17314814814814813
0 0.9580729166666667 0.48842592592592593 0.0421875 0.1935185185185185
0 0.96953125 0.5013888888888889 0.058854166666666666 0.21944444444444444
0 0.9794270833333333 0.4949074074074074 0.034895833333333334 0.19166666666666668
0 0.8013020833333333 0.5060185185185185 0.05572916666666667 0.2361111111111111
0 0.8393229166666667 0.5032407407407408 0.0546875 0.23796296296296296
0 0.7565104166666666 0.5106481481481482 0.03697916666666667 0.1712962962962963
