0 0.86015625 0.5300925925925926 0.0609375 0.2361111111111111
0 0.7502604166666667 0.5032407407407408 0.05572916666666667 0.2712962962962963
0 0.90078125 0.5782407407407407 0.04635416666666667 0.19537037037037036
0 0.6434895833333333 0.5171296296296296 0.06927083333333334 0.29907407407407405
0 0.7997395833333333 0.5097222222222222 0.058854166666666666 0.26944444444444443
0 0.88515625 0.49583333333333335 0.0484375 0.2601851851851852
0 0.8294270833333334 0.5115740740740741 0.0390625 0.2175925925925926
0 0.7763020833333333 0.5041666666666667 0.07239583333333334 0.3398148148148148
0 0.7190104166666667 0.5069444444444444 0.06822916666666666 0.33055555555555555
0 0.7815104166666667 0.5226851851851851 0.0828125 0.36574074074074076
0 0.6643229166666667 0.5236111111111111 0.0734375 0.3416666666666667
