0 0.89609375 0.48657407407407405 0.05572916666666667 0.22685185185185186
0 0.78046875 0.5115740740740741 0.04739583333333333 0.23981481481481481
0 0.40651041666666665 0.5291666666666667 0.07864583333333333 0.375
0 0.7606770833333333 0.5662037037037037 0.0390625 0.16018518518518518
0 0.15546875 0.49583333333333335 0.3015625 0.9898148148148148
0 0.3888020833333333 0.5458333333333333 0.0890625 0.3712962962962963
0 0.59140625 0.5162037037037037 0.08802083333333334 0.41203703703703703
0 0.5190104166666667 0.5513888888888889 0.0828125 0.3490740740740741
0 0.33151041666666664 0.538425925925926 0.14114583333333333 0.6046296296296296
0 0.25494791666666666 0.5421296296296296 0.11302083333333333 0.5638888888888889
0 0.07526041666666666 0.5967592592592592 0.14947916666666666 0.7212962962962963
0 0.8408854166666667 0.49583333333333335 0.043229166666666666 0.21203703703703702
