0 0.97265625 0.48564814814814816 0.0296875 0.17685185185185184
0 0.7799479166666666 0.5050925925925925 0.033854166666666664 0.1787037037037037
0 0.18984375 0.5523148148148148 0.13072916666666667 0.562037037037037
0 0.7059895833333333 0.513425925925926 0.06302083333333333 0.3212962962962963
0 0.9356770833333333 0.4912037037037037 0.0453125 0.20277777777777778
0 0.96953125 0.5013888888888889 0.058854166666666666 0.21944444444444444
0 0.9622395833333334 0.49398148148148147 0.04010416666666667 0.20092592592592592
0 0.88203125 0.5013888888888889 0.05677083333333333 0.2564814814814815
0 0.9221354166666667 0.4949074074074074 0.04739583333333333 0.25833333333333336
0 0.7044270833333334 0.5106481481481482 0.034895833333333334 0.1638888888888889
