0 0.95390625 0.513425925925926 0.0359375 0.3138888888888889
0 0.8653645833333333 0.4976851851851852 0.04635416666666667 0.23425925925925925
0 0.9424479166666667 0.5828703703703704 0.05260416666666667 0.21574074074074073
0 0.60234375 0.5282407407407408 0.07864583333333333 0.38796296296296295
0 0.07838541666666667 0.5726851851851852 0.11197916666666667 0.7027777777777777
0 0.9002604166666667 0.5023148148148148 0.0515625 0.22870370370370371
0 0.96484375 0.4847222222222222 0.034895833333333334 0.22314814814814815
0 0.92734375 0.5060185185185185 0.034895833333333334 0.19166666666666668
0 0.8549479166666667 0.49953703703703706 0.06302083333333333 0.2824074074074074
0 0.7643229166666666 0.5032407407407408 0.0609375 0.2861111111111111
0 0.8408854166666667 0.513425925925926 0.06614583333333333 0.28055555555555556
0 0.7825520833333334 0.513425925925926 0.0640625 0.262037037037037
