0 0.95078125 0.4773148148148148 0.0421875 0.1935185185185185
0 0.8200520833333333 0.5199074074074074 0.04739583333333333 0.2638888888888889
0 0.5278645833333333 0.5208333333333334 0.0671875 0.36203703703703705
0 0.84140625 0.575462962962963 0.0421875 0.1712962962962963
0 0.64765625 0.5060185185185185 0.050520833333333334 0.2212962962962963
0 0.5591145833333333 0.5356481481481481 0.0796875 0.33240740740740743
0 0.7184895833333333 0.5087962962962963 0.0671875 0.35648148148148145
0 0.66015625 0.5337962962962963 0.06510416666666667 0.2916666666666667
0 0.5794270833333334 0.5152777777777777 0.1203125 0.49166666666666664
0 0.4908854166666667 0.5217592592592593 0.0828125 0.4601851851851852
0 0.42630208333333336 0.5597222222222222 0.12239583333333333 0.5435185185185185
0 0.35234375 0.5504629629629629 0.0890625 0.49907407407407406
0 0.9424479166666667 0.49212962962962964 0.044270833333333336 0.20092592592592592
