0 0.47682291666666665 0.5875 0.1984375 0.8175925925925925
0 0.8033854166666666 0.48564814814814816 0.0765625 0.2916666666666667
0 0.73671875 0.5143518518518518 0.0453125 0.21574074074074073
0 0.2799479166666667 0.5347222222222222 0.08177083333333333 0.36018518518518516
0 0.70546875 0.5587962962962963 0.034895833333333334 0.14907407407407408
0 0.6622395833333333 0.5143518518518518 0.19635416666666666 0.9342592592592592
0 0.21276041666666667 0.5449074074074074 0.07239583333333334 0.3287037037037037
0 0.22317708333333333 0.5412037037037037 0.10572916666666667 0.5509259259259259
0 0.16744791666666667 0.5893518518518519 0.1046875 0.4546296296296296
0 0.7028645833333333 0.4986111111111111 0.05260416666666667 0.2175925925925926
