0 0.9700520833333334 0.47175925925925927 0.03697916666666667 0.1787037037037037
0 0.8294270833333334 0.5171296296296296 0.049479166666666664 0.262037037037037
0 0.5747395833333333 0.5152777777777777 0.06510416666666667 0.3472222222222222
0 0.8841145833333334 0.5763888888888888 0.044270833333333336 0.18055555555555555
0 0.6528645833333333 0.5087962962962963 0.05260416666666667 0.23425925925925925
0 0.61640625 0.5282407407407408 0.06927083333333334 0.3138888888888889
0 0.75078125 0.5060185185185185 0.06302083333333333 0.3398148148148148
0 0.6966145833333334 0.5263888888888889 0.058854166666666666 0.26944444444444443
0 0.6377604166666667 0.513425925925926 0.1078125 0.45092592592592595
0 0.55546875 0.5171296296296296 0.07864583333333333 0.4324074074074074
0 0.5440104166666667 0.5486111111111112 0.1078125 0.49166666666666664
0 0.47109375 0.5439814814814815 0.0953125 0.4527777777777778
0 0.9669270833333333 0.49027777777777776 0.0453125 0.19722222222222222
