0 0.8888020833333333 0.4949074074074074 0.043229166666666666 0.225
0 0.57421875 0.5300925925925926 0.09947916666666666 0.44351851851851853
0 0.25442708333333336 0.5541666666666667 0.12239583333333333 0.5916666666666667
0 0.9200520833333333 0.5023148148148148 0.04114583333333333 0.2064814814814815
0 0.97890625 0.48194444444444445 0.03177083333333333 0.2175925925925926
0 0.9481770833333333 0.5050925925925925 0.0328125 0.1787037037037037
0 0.88515625 0.4976851851851852 0.05677083333333333 0.2675925925925926
0 0.7986979166666667 0.49953703703703706 0.05677083333333333 0.2564814814814815
0 0.87578125 0.5106481481481482 0.06510416666666667 0.2638888888888889
0 0.8127604166666667 0.5097222222222222 0.059895833333333336 0.25092592592592594
