0 0.8502604166666666 0.5402777777777777 0.05572916666666667 0.21944444444444444
0 0.66484375 0.5050925925925925 0.06197916666666667 0.31203703703703706
0 0.9138020833333333 0.5800925925925926 0.04739583333333333 0.19166666666666668
0 0.65546875 0.5162037037037037 0.06197916666666667 0.2675925925925926
0 0.7033854166666667 0.5171296296296296 0.06614583333333333 0.2916666666666667
0 0.8138020833333334 0.5013888888888889 0.05572916666666667 0.30462962962962964
0 0.76328125 0.5171296296296296 0.0484375 0.2361111111111111
0 0.72734375 0.5087962962962963 0.08489583333333334 0.38981481481481484
0 0.65234375 0.5115740740740741 0.07239583333333334 0.38796296296296295
0 0.6986979166666667 0.5365740740740741 0.09427083333333333 0.42314814814814816
0 0.5841145833333333 0.5300925925925926 0.0796875 0.39537037037037037
