0 0.9731770833333333 0.4847222222222222 0.028645833333333332 0.175
0 0.7825520833333334 0.5050925925925925 0.034895833333333334 0.1787037037037037
0 0.19557291666666668 0.5513888888888889 0.1296875 0.5601851851851852
0 0.7091145833333333 0.5143518518518518 0.06302083333333333 0.3194444444444444
0 0.93671875 0.4912037037037037 0.0453125 0.20277777777777778
0 0.96953125 0.5013888888888889 0.058854166666666666 0.21944444444444444
0 0.96328125 0.49398148148148147 0.04010416666666667 0.20092592592592592
0 0.8778645833333333 0.5013888888888889 0.05677083333333333 0.2564814814814815
0 0.91796875 0.4949074074074074 0.04739583333333333 0.25833333333333336
0 0.70703125 0.5106481481481482 0.0359375 0.1638888888888889
