0 0.87265625 0.49953703703703706 0.033854166666666664 0.1787037037037037
0 0.4044270833333333 0.5300925925925926 0.07864583333333333 0.44722222222222224
0 0.34713541666666664 0.5458333333333333 0.13072916666666667 0.5787037037037037
0 0.8372395833333334 0.5013888888888889 0.0484375 0.2638888888888889
0 0.73828125 0.5152777777777777 0.0484375 0.18055555555555555
0 0.9763020833333333 0.48564814814814816 0.0390625 0.18425925925925926
0 0.96953125 0.5013888888888889 0.058854166666666666 0.21944444444444444
0 0.71328125 0.5097222222222222 0.0484375 0.2064814814814815
0 0.7486979166666666 0.5087962962962963 0.04635416666666667 0.21574074074074073
0 0.8393229166666667 0.5078703703703704 0.04010416666666667 0.17685185185185184
