0 0.8486979166666667 0.538425925925926 0.0546875 0.22314814814814815
0 0.6580729166666667 0.5060185185185185 0.06302083333333333 0.3138888888888889
0 0.91484375 0.5800925925925926 0.04739583333333333 0.19166666666666668
0 0.65546875 0.5152777777777777 0.06197916666666667 0.2657407407407407
0 0.6971354166666667 0.5180555555555556 0.06614583333333333 0.2935185185185185
0 0.8091145833333333 0.5013888888888889 0.05677083333333333 0.30462962962962964
0 0.7591145833333334 0.5162037037037037 0.0484375 0.23796296296296296
0 0.7231770833333333 0.5097222222222222 0.08697916666666666 0.39166666666666666
0 0.64765625 0.5115740740740741 0.0734375 0.39166666666666666
0 0.6877604166666667 0.5365740740740741 0.0953125 0.42685185185185187
0 0.5763020833333333 0.5310185185185186 0.08072916666666667 0.3972222222222222
