0 0.8466145833333333 0.5337962962962963 0.0546875 0.22870370370370371
0 0.64765625 0.5069444444444444 0.06302083333333333 0.3194444444444444
0 0.9169270833333333 0.5800925925925926 0.04739583333333333 0.19166666666666668
0 0.6549479166666666 0.5143518518518518 0.0609375 0.2601851851851852
0 0.6877604166666667 0.5199074074074074 0.06614583333333333 0.2972222222222222
0 0.8018229166666667 0.5023148148148148 0.05677083333333333 0.3101851851851852
0 0.75234375 0.5171296296296296 0.049479166666666664 0.23981481481481481
0 0.7169270833333333 0.5097222222222222 0.0890625 0.39537037037037037
0 0.64140625 0.5125 0.0734375 0.3972222222222222
0 0.6716145833333333 0.5365740740740741 0.09635416666666667 0.43425925925925923
0 0.5643229166666667 0.5328703703703703 0.08177083333333333 0.4046296296296296
