0 0.8690104166666667 0.5143518518518518 0.0640625 0.2638888888888889
0 0.7950520833333333 0.5032407407407408 0.0515625 0.25277777777777777
0 0.8950520833333333 0.5791666666666667 0.0453125 0.20092592592592592
0 0.63359375 0.5171296296296296 0.07447916666666667 0.3175925925925926
0 0.8518229166666667 0.5078703703703704 0.050520833333333334 0.25462962962962965
0 0.92421875 0.4912037037037037 0.0453125 0.2361111111111111
0 0.86640625 0.5097222222222222 0.03802083333333333 0.2064814814814815
0 0.7986979166666667 0.5013888888888889 0.0734375 0.30833333333333335
0 0.74140625 0.5032407407407408 0.06510416666666667 0.30462962962962964
0 0.7919270833333333 0.5226851851851851 0.07447916666666667 0.33240740740740743
0 0.7106770833333333 0.5199074074074074 0.0703125 0.30833333333333335
