0 0.8606770833333334 0.549537037037037 0.059895833333333336 0.20462962962962963
0 0.7138020833333333 0.500462962962963 0.059895833333333336 0.2916666666666667
0 0.90703125 0.5773148148148148 0.04635416666666667 0.1935185185185185
0 0.6513020833333333 0.5171296296296296 0.06614583333333333 0.28425925925925927
0 0.75546875 0.5115740740740741 0.0640625 0.28055555555555556
0 0.8513020833333333 0.49953703703703706 0.0515625 0.2824074074074074
0 0.7997395833333333 0.513425925925926 0.0421875 0.225
0 0.75859375 0.5060185185185185 0.07239583333333334 0.36203703703703705
0 0.68671875 0.5087962962962963 0.0703125 0.35648148148148145
0 0.7606770833333333 0.5282407407407408 0.0890625 0.39166666666666666
0 0.6278645833333333 0.5254629629629629 0.07760416666666667 0.3675925925925926
