0 0.9856770833333334 0.4828703703703704 0.0265625 0.1675925925925926
0 0.81015625 0.5041666666666667 0.03802083333333333 0.17685185185185184
0 0.27109375 0.5486111111111112 0.1140625 0.525
0 0.7497395833333333 0.5125 0.058854166666666666 0.30092592592592593
0 0.6393229166666666 0.5106481481481482 0.044270833333333336 0.1712962962962963
0 0.9513020833333333 0.48935185185185187 0.043229166666666666 0.19537037037037036
0 0.96953125 0.5013888888888889 0.058854166666666666 0.21944444444444444
0 0.9731770833333333 0.4949074074074074 0.03697916666666667 0.19537037037037036
0 0.82734375 0.5050925925925925 0.0578125 0.24537037037037038
0 0.86796875 0.5013888888888889 0.05364583333333333 0.24537037037037038
0 0.7372395833333333 0.5106481481481482 0.0359375 0.1675925925925926
