0 0.8611979166666667 0.5560185185185185 0.058854166666666666 0.19537037037037036
0 0.7049479166666667 0.5013888888888889 0.0609375 0.2972222222222222
0 0.90703125 0.5773148148148148 0.04635416666666667 0.1935185185185185
0 0.6528645833333333 0.5171296296296296 0.06510416666666667 0.28055555555555556
0 0.7424479166666667 0.5125 0.06510416666666667 0.2824074074074074
0 0.84140625 0.4986111111111111 0.05260416666666667 0.287962962962963
0 0.7903645833333334 0.5143518518518518 0.044270833333333336 0.22685185185185186
0 0.7528645833333333 0.5060185185185185 0.0734375 0.36944444444444446
0 0.6778645833333333 0.5097222222222222 0.07135416666666666 0.36574074074074076
0 0.7513020833333334 0.5310185185185186 0.09114583333333333 0.3972222222222222
0 0.61796875 0.5263888888888889 0.07864583333333333 0.3731481481481482
