0 0.9075520833333334 0.48564814814814816 0.05364583333333333 0.2212962962962963
0 0.7877604166666666 0.5125 0.04739583333333333 0.24537037037037038
0 0.43046875 0.5273148148148148 0.0765625 0.3712962962962963
0 0.7721354166666666 0.5671296296296297 0.0390625 0.16203703703703703
0 0.43359375 0.538425925925926 0.08072916666666667 0.3787037037037037
0 0.6221354166666667 0.5143518518518518 0.0828125 0.4009259259259259
0 0.5513020833333333 0.5486111111111112 0.07864583333333333 0.33611111111111114
0 0.3919270833333333 0.5319444444444444 0.13489583333333333 0.5694444444444444
0 0.31744791666666666 0.5365740740740741 0.10885416666666667 0.5416666666666666
0 0.15494791666666666 0.586574074074074 0.1484375 0.6712962962962963
0 0.8627604166666667 0.4949074074074074 0.043229166666666666 0.2101851851851852
