0 0.89765625 0.4930555555555556 0.0421875 0.2212962962962963
0 0.55546875 0.5328703703703703 0.10572916666666667 0.4601851851851852
0 0.6236979166666666 0.5087962962962963 0.03177083333333333 0.1787037037037037
0 0.30130208333333336 0.5439814814814815 0.10572916666666667 0.5527777777777778
0 0.92734375 0.5013888888888889 0.03697916666666667 0.20462962962962963
0 0.9559895833333333 0.5041666666666667 0.03177083333333333 0.17314814814814813
0 0.8981770833333333 0.4949074074074074 0.05572916666666667 0.262037037037037
0 0.81171875 0.4986111111111111 0.05572916666666667 0.25092592592592594
0 0.88671875 0.5097222222222222 0.0640625 0.25833333333333336
0 0.8247395833333333 0.5087962962962963 0.058854166666666666 0.24537037037037038
