0 0.84453125 0.5319444444444444 0.0546875 0.2324074074074074
0 0.64140625 0.5078703703703704 0.06302083333333333 0.3212962962962963
0 0.9184895833333333 0.5800925925925926 0.04635416666666667 0.19166666666666668
0 0.6544270833333333 0.513425925925926 0.059895833333333336 0.25833333333333336
0 0.6809895833333334 0.5199074074074074 0.0671875 0.2972222222222222
0 0.7971354166666667 0.5032407407407408 0.0578125 0.31203703703703706
0 0.74765625 0.5171296296296296 0.050520833333333334 0.23981481481481481
0 0.7127604166666667 0.5097222222222222 0.09114583333333333 0.3990740740740741
0 0.6372395833333333 0.5125 0.0734375 0.4009259259259259
0 0.6606770833333333 0.538425925925926 0.09739583333333333 0.43796296296296294
0 0.5565104166666667 0.5337962962962963 0.08072916666666667 0.4064814814814815
