0 0.9763020833333333 0.4847222222222222 0.028645833333333332 0.175
0 0.7888020833333333 0.5050925925925925 0.034895833333333334 0.1787037037037037
0 0.21328125 0.5504629629629629 0.12552083333333333 0.5509259259259259
0 0.71796875 0.513425925925926 0.06197916666666667 0.3138888888888889
0 0.9403645833333333 0.49027777777777776 0.044270833333333336 0.20092592592592592
0 0.96953125 0.5013888888888889 0.058854166666666666 0.21944444444444444
0 0.96484375 0.49398148148148147 0.0390625 0.20092592592592592
0 0.8643229166666667 0.5023148148148148 0.058854166666666666 0.25462962962962965
0 0.9065104166666667 0.49675925925925923 0.049479166666666664 0.25462962962962965
0 0.7138020833333333 0.5115740740740741 0.034895833333333334 0.16574074074074074
