0 0.9184895833333333 0.4828703703703704 0.050520833333333334 0.21574074074074073
0 0.79609375 0.5143518518518518 0.04739583333333333 0.2490740740740741
0 0.45546875 0.5263888888888889 0.07447916666666667 0.36944444444444446
0 0.7841145833333333 0.5699074074074074 0.04010416666666667 0.1638888888888889
0 0.6533854166666667 0.5125 0.0765625 0.3861111111111111
0 0.5830729166666667 0.5449074074074074 0.07552083333333333 0.325
0 0.44869791666666664 0.5263888888888889 0.13177083333333334 0.5509259259259259
0 0.36276041666666664 0.5328703703703703 0.10364583333333334 0.5194444444444445
0 0.23463541666666668 0.5773148148148148 0.14739583333333334 0.6194444444444445
0 0.17317708333333334 0.5699074074074074 0.09947916666666666 0.575
0 0.88359375 0.49398148148148147 0.043229166666666666 0.20833333333333334
