0 0.8549479166666667 0.5467592592592593 0.05677083333333333 0.2101851851851852
0 0.6815104166666667 0.5032407407407408 0.06197916666666667 0.30462962962962964
0 0.9106770833333333 0.5782407407407407 0.04739583333333333 0.19166666666666668
0 0.6559895833333333 0.5171296296296296 0.06302083333333333 0.27314814814814814
0 0.7200520833333334 0.5152777777777777 0.06614583333333333 0.287962962962963
0 0.8252604166666667 0.500462962962963 0.05364583333333333 0.2953703703703704
0 0.7747395833333334 0.5152777777777777 0.04635416666666667 0.2324074074074074
0 0.73828125 0.5078703703703704 0.0796875 0.38055555555555554
0 0.6627604166666666 0.5106481481481482 0.07239583333333334 0.3787037037037037
0 0.7252604166666666 0.5347222222222222 0.09322916666666667 0.41203703703703703
0 0.60078125 0.5273148148148148 0.0796875 0.3861111111111111
