0 0.8424479166666666 0.5023148148148148 0.04010416666666667 0.17685185185185184
0 0.33984375 0.5439814814814815 0.0953125 0.4824074074074074
0 0.15390625 0.5615740740740741 0.14427083333333332 0.6768518518518518
0 0.79609375 0.5097222222222222 0.05364583333333333 0.28055555555555556
0 0.6809895833333334 0.5125 0.04635416666666667 0.175
0 0.9638020833333333 0.4875 0.04114583333333333 0.19166666666666668
0 0.96953125 0.5013888888888889 0.058854166666666666 0.21944444444444444
0 0.7752604166666667 0.5069444444444444 0.05364583333333333 0.22685185185185186
0 0.8127604166666667 0.5041666666666667 0.0515625 0.2324074074074074
0 0.7815104166666667 0.5106481481481482 0.03697916666666667 0.1712962962962963
