0 0.42994791666666665 0.5791666666666667 0.2109375 0.8342592592592593
0 0.8174479166666667 0.48935185185185187 0.0734375 0.28055555555555556
0 0.7388020833333333 0.513425925925926 0.0453125 0.2175925925925926
0 0.2903645833333333 0.5347222222222222 0.08385416666666666 0.3638888888888889
0 0.7059895833333333 0.5587962962962963 0.0359375 0.14907407407407408
0 0.6346354166666667 0.5060185185185185 0.20989583333333334 0.9694444444444444
0 0.21692708333333333 0.5476851851851852 0.07447916666666667 0.3416666666666667
0 0.27578125 0.538425925925926 0.1046875 0.5342592592592592
0 0.22369791666666666 0.586574074074074 0.1046875 0.44166666666666665
0 0.7184895833333333 0.4986111111111111 0.050520833333333334 0.2175925925925926
