0 0.93203125 0.513425925925926 0.044270833333333336 0.29907407407407405
0 0.84765625 0.49953703703703706 0.0484375 0.23796296296296296
0 0.9122395833333333 0.586574074074074 0.050520833333333334 0.20092592592592592
0 0.6143229166666667 0.5310185185185186 0.0859375 0.375
0 0.8877604166666667 0.5041666666666667 0.0515625 0.2361111111111111
0 0.9559895833333333 0.48564814814814816 0.03802083333333333 0.225
0 0.9111979166666667 0.5078703703703704 0.0359375 0.19537037037037036
0 0.8403645833333333 0.500462962962963 0.06510416666666667 0.287962962962963
0 0.75703125 0.49953703703703706 0.0609375 0.2861111111111111
0 0.81640625 0.5162037037037037 0.0671875 0.2935185185185185
0 0.7669270833333334 0.5162037037037037 0.06614583333333333 0.2675925925925926
