0 0.86015625 0.5282407407407408 0.0609375 0.23981481481481481
0 0.75546875 0.5032407407407408 0.05572916666666667 0.2675925925925926
0 0.9002604166666667 0.5782407407407407 0.04739583333333333 0.19537037037037036
0 0.6419270833333334 0.5171296296296296 0.0703125 0.30277777777777776
0 0.80546875 0.5087962962962963 0.0578125 0.2675925925925926
0 0.8893229166666666 0.4949074074074074 0.0484375 0.25462962962962965
0 0.8330729166666667 0.5125 0.04010416666666667 0.21574074074074073
0 0.7783854166666667 0.5041666666666667 0.07239583333333334 0.33611111111111114
0 0.7231770833333333 0.5060185185185185 0.06822916666666666 0.325
0 0.7830729166666667 0.5226851851851851 0.08177083333333333 0.36203703703703705
0 0.6690104166666667 0.5226851851851851 0.07447916666666667 0.33611111111111114
