0 0.40651041666666665 0.575462962962963 0.21614583333333334 0.8416666666666667
0 0.82421875 0.49027777777777776 0.07239583333333334 0.275
0 0.73984375 0.513425925925926 0.0453125 0.2175925925925926
0 0.2955729166666667 0.5356481481481481 0.08385416666666666 0.36574074074074076
0 0.70703125 0.5597222222222222 0.0359375 0.15092592592592594
0 0.62109375 0.5032407407407408 0.21822916666666667 0.9861111111111112
0 0.21953125 0.5504629629629629 0.07552083333333333 0.3472222222222222
0 0.30234375 0.5365740740740741 0.10364583333333334 0.5268518518518519
0 0.24869791666666666 0.5847222222222223 0.1046875 0.43425925925925923
0 0.7263020833333333 0.4986111111111111 0.049479166666666664 0.2175925925925926
