0 0.8830729166666667 0.48935185185185187 0.058854166666666666 0.2361111111111111
0 0.7721354166666666 0.5115740740740741 0.04739583333333333 0.2361111111111111
0 0.37890625 0.5310185185185186 0.08177083333333333 0.375
0 0.74765625 0.5662037037037037 0.03802083333333333 0.15648148148148147
0 0.29140625 0.4976851851851852 0.2838541666666667 0.9935185185185185
0 0.34661458333333334 0.549537037037037 0.0859375 0.3712962962962963
0 0.55390625 0.5189814814814815 0.09427083333333333 0.4287037037037037
0 0.47578125 0.5569444444444445 0.0859375 0.3638888888888889
0 0.26119791666666664 0.5458333333333333 0.15052083333333333 0.6527777777777778
0 0.18359375 0.5476851851851852 0.11822916666666666 0.5898148148148148
0 0.81640625 0.49675925925925923 0.0421875 0.21388888888888888
