0 0.9450520833333333 0.47824074074074074 0.043229166666666666 0.19907407407407407
0 0.8158854166666667 0.5180555555555556 0.04739583333333333 0.2601851851851852
0 0.5138020833333333 0.5217592592592593 0.06822916666666666 0.3638888888888889
0 0.8294270833333334 0.575462962962963 0.04114583333333333 0.1675925925925926
0 0.64453125 0.5060185185185185 0.050520833333333334 0.2212962962962963
0 0.5408854166666667 0.5365740740740741 0.0828125 0.33796296296296297
0 0.7091145833333333 0.5097222222222222 0.0671875 0.36203703703703705
0 0.6497395833333334 0.5356481481481481 0.0671875 0.29907407407407405
0 0.5627604166666667 0.5162037037037037 0.12239583333333333 0.5009259259259259
0 0.46640625 0.5236111111111111 0.08802083333333334 0.47129629629629627
0 0.3893229166666667 0.5634259259259259 0.12760416666666666 0.5583333333333333
0 0.3184895833333333 0.5532407407407407 0.08802083333333334 0.5120370370370371
0 0.9361979166666666 0.4930555555555556 0.044270833333333336 0.20277777777777778
