0 0.8669270833333333 0.513425925925926 0.0640625 0.2657407407407407
0 0.7924479166666667 0.5032407407407408 0.05260416666666667 0.25277777777777777
0 0.89609375 0.5791666666666667 0.0453125 0.20092592592592592
0 0.6341145833333334 0.5171296296296296 0.0734375 0.3175925925925926
0 0.85078125 0.5087962962962963 0.050520833333333334 0.2564814814814815
0 0.9231770833333334 0.4912037037037037 0.0453125 0.2361111111111111
0 0.8643229166666667 0.5106481481481482 0.03802083333333333 0.20833333333333334
0 0.79765625 0.5023148148148148 0.0734375 0.3101851851851852
0 0.7408854166666666 0.5032407407407408 0.06614583333333333 0.30462962962962964
0 0.79140625 0.5226851851851851 0.07552083333333333 0.33611111111111114
0 0.7080729166666667 0.5199074074074074 0.07135416666666666 0.30833333333333335
