0 0.8606770833333334 0.5476851851851852 0.059895833333333336 0.20833333333333334
0 0.7190104166666667 0.5013888888888889 0.059895833333333336 0.2898148148148148
0 0.9059895833333333 0.5773148148148148 0.04635416666666667 0.1935185185185185
0 0.6497395833333334 0.5171296296296296 0.0671875 0.287962962962963
0 0.76171875 0.5106481481481482 0.0640625 0.27870370370370373
0 0.85546875 0.4976851851851852 0.0515625 0.27870370370370373
0 0.80390625 0.513425925925926 0.0421875 0.225
0 0.7606770833333333 0.5050925925925925 0.07239583333333334 0.36018518518518516
0 0.6908854166666667 0.5087962962962963 0.0703125 0.3527777777777778
0 0.7653645833333333 0.5263888888888889 0.08802083333333334 0.38796296296296295
0 0.6325520833333333 0.5254629629629629 0.0765625 0.3638888888888889
