0 0.37526041666666665 0.5708333333333333 0.22447916666666667 0.850925925925926
0 0.8325520833333333 0.49212962962962964 0.0703125 0.2675925925925926
0 0.7419270833333333 0.5143518518518518 0.0453125 0.21944444444444444
0 0.30234375 0.5347222222222222 0.08489583333333334 0.3675925925925926
0 0.71015625 0.5615740740740741 0.0359375 0.15092592592592594
0 0.5940104166666667 0.5013888888888889 0.20989583333333334 0.9935185185185185
0 0.23098958333333333 0.549537037037037 0.07552083333333333 0.3527777777777778
0 0.3372395833333333 0.5337962962962963 0.10260416666666666 0.5138888888888888
0 0.2752604166666667 0.5810185185185185 0.1015625 0.42685185185185187
0 0.73671875 0.4976851851851852 0.049479166666666664 0.21574074074074073
