0 0.9736979166666667 0.513425925925926 0.0296875 0.325
0 0.8768229166666667 0.49675925925925923 0.044270833333333336 0.22870370370370371
0 0.5893229166666667 0.5282407407407408 0.0859375 0.4101851851851852
0 0.16015625 0.5634259259259259 0.1171875 0.6509259259259259
0 0.9106770833333333 0.4986111111111111 0.049479166666666664 0.21388888888888888
0 0.9716145833333333 0.4828703703703704 0.033854166666666664 0.21944444444444444
0 0.93828125 0.5050925925925925 0.033854166666666664 0.18611111111111112
0 0.86796875 0.49953703703703706 0.059895833333333336 0.275
0 0.7799479166666666 0.5013888888888889 0.058854166666666666 0.2712962962962963
0 0.8627604166666667 0.513425925925926 0.06614583333333333 0.26944444444444443
0 0.7966145833333333 0.5125 0.06302083333333333 0.2564814814814815
