0 0.45338541666666665 0.5837962962962963 0.20364583333333333 0.825
0 0.8106770833333333 0.48657407407407405 0.07447916666666667 0.2861111111111111
0 0.7377604166666667 0.5143518518518518 0.0453125 0.21574074074074073
0 0.28515625 0.5347222222222222 0.08177083333333333 0.36018518518518516
0 0.7059895833333333 0.5587962962962963 0.0359375 0.14907407407407408
0 0.6481770833333333 0.5106481481481482 0.20364583333333333 0.9527777777777777
0 0.21484375 0.5467592592592593 0.07239583333333334 0.33611111111111114
0 0.24921875 0.5393518518518519 0.10572916666666667 0.5435185185185185
0 0.19557291666666668 0.5875 0.1046875 0.44722222222222224
0 0.7106770833333333 0.4986111111111111 0.0515625 0.2175925925925926
