0 0.15651041666666668 0.5319444444444444 0.16822916666666668 0.925
0 0.8606770833333334 0.4930555555555556 0.0640625 0.24722222222222223
0 0.7580729166666667 0.513425925925926 0.04635416666666667 0.22870370370370371
0 0.33046875 0.5356481481481481 0.08697916666666666 0.38055555555555554
0 0.7263020833333333 0.5689814814814815 0.03697916666666667 0.15092592592592594
0 0.47994791666666664 0.4976851851851852 0.2234375 0.9935185185185185
0 0.2799479166666667 0.5523148148148148 0.0734375 0.3768518518518518
0 0.46588541666666666 0.5254629629629629 0.09739583333333333 0.4675925925925926
0 0.38203125 0.5680555555555555 0.09427083333333333 0.39351851851851855
0 0.13880208333333333 0.5578703703703703 0.16614583333333333 0.7361111111111112
0 0.7783854166666667 0.4976851851851852 0.0453125 0.21574074074074073
