0 0.35182291666666665 0.5671296296296297 0.2296875 0.8583333333333333
0 0.8393229166666667 0.4949074074074074 0.06927083333333334 0.262037037037037
0 0.74453125 0.513425925925926 0.04635416666666667 0.2212962962962963
0 0.30755208333333334 0.5347222222222222 0.08489583333333334 0.3712962962962963
0 0.71328125 0.5615740740740741 0.0359375 0.15092592592592594
0 0.5731770833333333 0.49953703703703706 0.20364583333333333 0.9935185185185185
0 0.23984375 0.5504629629629629 0.07447916666666667 0.35833333333333334
0 0.36380208333333336 0.5328703703703703 0.1015625 0.5046296296296297
0 0.2955729166666667 0.5791666666666667 0.10052083333333334 0.41944444444444445
0 0.74453125 0.4976851851851852 0.0484375 0.21574074074074073
