0 0.8643229166666667 0.513425925925926 0.06302083333333333 0.2657407407407407
0 0.7903645833333334 0.5032407407407408 0.05260416666666667 0.25277777777777777
0 0.89609375 0.5791666666666667 0.0453125 0.20092592592592592
0 0.6346354166666667 0.5171296296296296 0.07447916666666667 0.3138888888888889
0 0.84765625 0.5078703703703704 0.050520833333333334 0.25833333333333336
0 0.9216145833333333 0.4912037037037037 0.04635416666666667 0.2361111111111111
0 0.8627604166666667 0.5106481481481482 0.0390625 0.20833333333333334
0 0.7955729166666666 0.5013888888888889 0.0734375 0.31203703703703706
0 0.7403645833333333 0.5041666666666667 0.06510416666666667 0.30648148148148147
0 0.7903645833333334 0.5226851851851851 0.07552083333333333 0.33611111111111114
0 0.70546875 0.5199074074074074 0.0703125 0.31203703703703706
