0 0.88046875 0.49953703703703706 0.0328125 0.1787037037037037
0 0.42109375 0.5254629629629629 0.07447916666666667 0.43796296296296294
0 0.3966145833333333 0.5449074074074074 0.13177083333333334 0.5546296296296296
0 0.8481770833333333 0.4986111111111111 0.04739583333333333 0.25833333333333336
0 0.75546875 0.5162037037037037 0.049479166666666664 0.1824074074074074
0 0.9783854166666667 0.48564814814814816 0.03697916666666667 0.17685185185185184
0 0.96953125 0.5013888888888889 0.058854166666666666 0.21944444444444444
0 0.6971354166666667 0.5097222222222222 0.04739583333333333 0.19907407407407407
0 0.73203125 0.5087962962962963 0.044270833333333336 0.21203703703703702
0 0.8549479166666667 0.5078703703703704 0.04010416666666667 0.17685185185185184
