0 0.9783854166666667 0.4699074074074074 0.034895833333333334 0.1712962962962963
0 0.8330729166666667 0.5162037037037037 0.050520833333333334 0.2601851851851852
0 0.5950520833333334 0.513425925925926 0.0640625 0.3398148148148148
0 0.90234375 0.5782407407407407 0.0453125 0.18425925925925926
0 0.65390625 0.5106481481481482 0.0546875 0.24166666666666667
0 0.6356770833333333 0.5254629629629629 0.06822916666666666 0.30833333333333335
0 0.76484375 0.5050925925925925 0.06197916666666667 0.33055555555555555
0 0.7122395833333334 0.5236111111111111 0.05677083333333333 0.2601851851851852
0 0.6627604166666666 0.5125 0.10364583333333334 0.43425925925925923
0 0.58046875 0.5162037037037037 0.0765625 0.42314814814814816
0 0.5846354166666666 0.5421296296296296 0.1015625 0.47129629629629627
0 0.4981770833333333 0.5412037037037037 0.08697916666666666 0.4361111111111111
