0 0.9544270833333334 0.475462962962963 0.04114583333333333 0.18981481481481483
0 0.82421875 0.5208333333333334 0.04739583333333333 0.2657407407407407
0 0.5388020833333333 0.5208333333333334 0.06614583333333333 0.36203703703703705
0 0.85078125 0.5763888888888888 0.0421875 0.17314814814814813
0 0.6497395833333334 0.5069444444444444 0.050520833333333334 0.22314814814814815
0 0.5721354166666667 0.5328703703703703 0.0765625 0.32685185185185184
0 0.7252604166666666 0.5078703703703704 0.06614583333333333 0.3509259259259259
0 0.66796875 0.5319444444444444 0.0640625 0.287962962962963
0 0.59140625 0.5143518518518518 0.1171875 0.4824074074074074
0 0.5096354166666667 0.5208333333333334 0.08072916666666667 0.45092592592592595
0 0.45390625 0.5578703703703703 0.11927083333333334 0.5324074074074074
0 0.37786458333333334 0.549537037037037 0.09010416666666667 0.4898148148148148
0 0.94765625 0.49212962962962964 0.044270833333333336 0.20092592592592592
