0 0.9518229166666666 0.47638888888888886 0.0421875 0.19166666666666668
0 0.82109375 0.5199074074074074 0.04739583333333333 0.2638888888888889
0 0.5315104166666667 0.5208333333333334 0.06614583333333333 0.36203703703703705
0 0.84453125 0.575462962962963 0.0421875 0.1712962962962963
0 0.64765625 0.5060185185185185 0.050520833333333334 0.2212962962962963
0 0.56328125 0.5347222222222222 0.07760416666666667 0.33055555555555555
0 0.72109375 0.5078703703703704 0.06614583333333333 0.35462962962962963
0 0.6627604166666666 0.5337962962962963 0.06614583333333333 0.2916666666666667
0 0.58359375 0.5152777777777777 0.11822916666666666 0.487962962962963
0 0.49713541666666666 0.5217592592592593 0.0828125 0.4564814814814815
0 0.4356770833333333 0.5597222222222222 0.12239583333333333 0.5398148148148149
0 0.3606770833333333 0.5504629629629629 0.0890625 0.49537037037037035
0 0.94453125 0.49212962962962964 0.044270833333333336 0.20092592592592592
