0 0.5393229166666667 0.5967592592592592 0.18385416666666668 0.799074074074074
0 0.7778645833333333 0.48657407407407405 0.07760416666666667 0.30462962962962964
0 0.7341145833333333 0.5152777777777777 0.044270833333333336 0.21388888888888888
0 0.27109375 0.5300925925925926 0.0765625 0.3435185185185185
0 0.7044270833333334 0.5578703703703703 0.034895833333333334 0.14722222222222223
0 0.6981770833333333 0.524537037037037 0.1765625 0.8916666666666667
0 0.20755208333333333 0.5412037037037037 0.06822916666666666 0.3138888888888889
0 0.15234375 0.5458333333333333 0.1078125 0.575
0 0.09244791666666667 0.5930555555555556 0.1046875 0.46944444444444444
0 0.68203125 0.4986111111111111 0.0546875 0.2175925925925926
