0 0.9622395833333334 0.513425925925926 0.033854166666666664 0.3175925925925926
0 0.87109375 0.4976851851851852 0.0453125 0.23055555555555557
0 0.95703125 0.586574074074074 0.050520833333333334 0.21944444444444444
0 0.5966145833333333 0.5282407407407408 0.0796875 0.39537037037037037
0 0.11328125 0.5689814814814815 0.11302083333333333 0.6805555555555556
0 0.9044270833333333 0.500462962962963 0.0515625 0.2212962962962963
0 0.96796875 0.4837962962962963 0.034895833333333334 0.2212962962962963
0 0.93359375 0.5069444444444444 0.034895833333333334 0.18981481481481483
0 0.86015625 0.49953703703703706 0.0609375 0.27870370370370373
0 0.77109375 0.5023148148148148 0.059895833333333336 0.28055555555555556
0 0.8502604166666666 0.513425925925926 0.06614583333333333 0.27685185185185185
0 0.78828125 0.5125 0.06302083333333333 0.2601851851851852
