0 0.9044270833333333 0.4847222222222222 0.05364583333333333 0.22314814814814815
0 0.7856770833333333 0.5125 0.04739583333333333 0.24537037037037038
0 0.4236979166666667 0.5282407407407408 0.07760416666666667 0.3731481481481482
0 0.7690104166666667 0.5671296296296297 0.0390625 0.16203703703703703
0 0.4205729166666667 0.5402777777777777 0.08385416666666666 0.375
0 0.61328125 0.5152777777777777 0.08385416666666666 0.4027777777777778
0 0.5419270833333333 0.549537037037037 0.08072916666666667 0.3416666666666667
0 0.37578125 0.5347222222222222 0.1359375 0.575
0 0.29973958333333334 0.5375 0.1109375 0.5472222222222223
0 0.13203125 0.5893518518518519 0.1484375 0.6842592592592592
0 0.8565104166666667 0.4949074074074074 0.043229166666666666 0.2101851851851852
