0 0.9705729166666667 0.48564814814814816 0.0296875 0.17685185185185184
0 0.77578125 0.5050925925925925 0.033854166666666664 0.1787037037037037
0 0.17838541666666666 0.5532407407407407 0.1328125 0.5675925925925925
0 0.6997395833333333 0.5143518518518518 0.06302083333333333 0.32314814814814813
0 0.93359375 0.4912037037037037 0.0453125 0.20277777777777778
0 0.96953125 0.5013888888888889 0.058854166666666666 0.21944444444444444
0 0.9606770833333333 0.4930555555555556 0.04114583333333333 0.20277777777777778
0 0.8908854166666667 0.49953703703703706 0.05572916666666667 0.2564814814814815
0 0.9299479166666667 0.49398148148148147 0.04635416666666667 0.2601851851851852
0 0.7002604166666667 0.5106481481481482 0.034895833333333334 0.1638888888888889
