0 0.9580729166666667 0.48935185185185187 0.03177083333333333 0.18796296296296297
0 0.20442708333333334 0.5615740740740741 0.1765625 0.7768518518518519
0 0.7466145833333333 0.5069444444444444 0.03177083333333333 0.1787037037037037
0 0.09973958333333334 0.5587962962962963 0.14010416666666667 0.6083333333333333
0 0.64140625 0.5171296296296296 0.06927083333333334 0.3472222222222222
0 0.91796875 0.49212962962962964 0.04739583333333333 0.21203703703703702
0 0.96953125 0.5013888888888889 0.058854166666666666 0.21944444444444444
0 0.9481770833333333 0.49398148148148147 0.0453125 0.20833333333333334
0 0.95234375 0.49398148148148147 0.049479166666666664 0.2638888888888889
0 0.9815104166666667 0.48842592592592593 0.03697916666666667 0.2712962962962963
0 0.6674479166666667 0.5125 0.033854166666666664 0.16018518518518518
