0 0.8408854166666667 0.5273148148148148 0.05364583333333333 0.24166666666666667
0 0.6278645833333333 0.5087962962962963 0.06302083333333333 0.32685185185185184
0 0.92109375 0.5791666666666667 0.04739583333333333 0.18981481481481483
0 0.6544270833333333 0.5125 0.0578125 0.25277777777777777
0 0.6684895833333333 0.5217592592592593 0.0671875 0.30092592592592593
0 0.78828125 0.5032407407407408 0.058854166666666666 0.31574074074074077
0 0.7388020833333333 0.5189814814814815 0.0515625 0.24351851851851852
0 0.7044270833333334 0.5115740740740741 0.0953125 0.4064814814814815
0 0.62265625 0.513425925925926 0.07552083333333333 0.4064814814814815
0 0.6388020833333333 0.5393518518518519 0.09739583333333333 0.44722222222222224
0 0.5403645833333334 0.5356481481481481 0.08177083333333333 0.41388888888888886
