0 0.8841145833333334 0.49583333333333335 0.044270833333333336 0.22685185185185186
0 0.5794270833333334 0.5291666666666667 0.0953125 0.4305555555555556
0 0.21901041666666668 0.5578703703703703 0.1203125 0.6138888888888889
0 0.91640625 0.500462962962963 0.044270833333333336 0.2101851851851852
0 0.97578125 0.48194444444444445 0.03177083333333333 0.2175925925925926
0 0.94453125 0.5050925925925925 0.033854166666666664 0.1824074074074074
0 0.87890625 0.4976851851851852 0.058854166666666666 0.2712962962962963
0 0.7919270833333333 0.500462962962963 0.0578125 0.262037037037037
0 0.87109375 0.5115740740740741 0.06614583333333333 0.2657407407407407
0 0.80703125 0.5106481481481482 0.0609375 0.25277777777777777
