0 0.97890625 0.513425925925926 0.027604166666666666 0.3287037037037037
0 0.8799479166666667 0.49583333333333335 0.044270833333333336 0.22685185185185186
0 0.58515625 0.5291666666666667 0.09010416666666667 0.41944444444444445
0 0.18359375 0.5615740740740741 0.11822916666666666 0.6361111111111111
0 0.9127604166666666 0.49953703703703706 0.04739583333333333 0.21203703703703702
0 0.9731770833333333 0.4828703703703704 0.0328125 0.21944444444444444
0 0.9403645833333333 0.5060185185185185 0.033854166666666664 0.18425925925925926
0 0.8721354166666667 0.4986111111111111 0.059895833333333336 0.27314814814814814
0 0.78515625 0.500462962962963 0.058854166666666666 0.26944444444444443
0 0.8658854166666666 0.5125 0.06614583333333333 0.2675925925925926
0 0.8002604166666667 0.5115740740740741 0.06197916666666667 0.25462962962962965
