0 0.9606770833333333 0.48842592592592593 0.030729166666666665 0.18611111111111112
0 0.17213541666666668 0.5606481481481481 0.18697916666666667 0.7972222222222223
0 0.7528645833333333 0.5069444444444444 0.03177083333333333 0.1787037037037037
0 0.11640625 0.5578703703703703 0.13802083333333334 0.5990740740740741
0 0.6544270833333333 0.5162037037037037 0.06822916666666666 0.3416666666666667
0 0.9216145833333333 0.49212962962962964 0.04635416666666667 0.20833333333333334
0 0.96953125 0.5013888888888889 0.058854166666666666 0.21944444444444444
0 0.9518229166666666 0.4930555555555556 0.044270833333333336 0.2064814814814815
0 0.9393229166666667 0.4949074074074074 0.050520833333333334 0.262037037037037
0 0.9721354166666667 0.48842592592592593 0.04114583333333333 0.2712962962962963
0 0.6736979166666667 0.5115740740740741 0.033854166666666664 0.16203703703703703
