0 0.9815104166666667 0.4828703703703704 0.0265625 0.1712962962962963
0 0.8013020833333333 0.5041666666666667 0.03697916666666667 0.17685185185185184
0 0.24921875 0.549537037037037 0.11822916666666666 0.5342592592592592
0 0.73671875 0.5125 0.059895833333333336 0.30833333333333335
0 0.62890625 0.5106481481481482 0.044270833333333336 0.1712962962962963
0 0.9471354166666667 0.49027777777777776 0.043229166666666666 0.19722222222222222
0 0.96953125 0.5013888888888889 0.058854166666666666 0.21944444444444444
0 0.96953125 0.49398148148148147 0.03802083333333333 0.19722222222222222
0 0.8403645833333333 0.5041666666666667 0.058854166666666666 0.25092592592592594
0 0.88359375 0.49953703703703706 0.0515625 0.2490740740740741
0 0.7278645833333334 0.5106481481481482 0.0359375 0.1675925925925926
