0 0.91484375 0.513425925925926 0.049479166666666664 0.287962962962963
0 0.83359375 0.49953703703703706 0.049479166666666664 0.24166666666666667
0 0.8997395833333334 0.586574074074074 0.0484375 0.19722222222222222
0 0.6200520833333333 0.5254629629629629 0.0828125 0.35648148148148145
0 0.8783854166666667 0.5050925925925925 0.0515625 0.24166666666666667
0 0.94765625 0.4875 0.04010416666666667 0.22870370370370371
0 0.8997395833333334 0.5078703703703704 0.0359375 0.19907407407407407
0 0.8299479166666667 0.500462962962963 0.0671875 0.2953703703703704
0 0.7528645833333333 0.49953703703703706 0.06302083333333333 0.2898148148148148
0 0.80703125 0.5180555555555556 0.06927083333333334 0.30462962962962964
0 0.7518229166666667 0.5162037037037037 0.0671875 0.27870370370370373
