0 0.83359375 0.5041666666666667 0.0390625 0.17685185185185184
0 0.32005208333333335 0.5458333333333333 0.1015625 0.4935185185185185
0 0.10130208333333333 0.5689814814814815 0.15572916666666667 0.7027777777777777
0 0.78359375 0.5106481481481482 0.05572916666666667 0.2861111111111111
0 0.66796875 0.5125 0.0453125 0.175
0 0.9606770833333333 0.48842592592592593 0.04114583333333333 0.1935185185185185
0 0.96953125 0.5013888888888889 0.058854166666666666 0.21944444444444444
0 0.79140625 0.5060185185185185 0.0546875 0.2324074074074074
0 0.8294270833333334 0.5041666666666667 0.05364583333333333 0.2361111111111111
0 0.7658854166666667 0.5106481481481482 0.03697916666666667 0.1712962962962963
