0 0.97890625 0.4837962962962963 0.027604166666666666 0.17314814814814813
0 0.7950520833333333 0.5050925925925925 0.034895833333333334 0.1787037037037037
0 0.23151041666666666 0.5504629629629629 0.12239583333333333 0.5435185185185185
0 0.7278645833333334 0.513425925925926 0.0609375 0.3101851851851852
0 0.9434895833333333 0.49027777777777776 0.044270833333333336 0.20092592592592592
0 0.96953125 0.5013888888888889 0.058854166666666666 0.21944444444444444
0 0.9674479166666666 0.49398148148148147 0.03802083333333333 0.19722222222222222
0 0.8513020833333333 0.5032407407407408 0.059895833333333336 0.25277777777777777
0 0.8955729166666667 0.4976851851851852 0.050520833333333334 0.25277777777777777
0 0.7205729166666667 0.5115740740740741 0.0359375 0.16574074074074074
