0 0.88671875 0.48842592592592593 0.0578125 0.23425925925925925
0 0.77421875 0.5125 0.04739583333333333 0.23796296296296296
0 0.38567708333333334 0.5310185185185186 0.08072916666666667 0.375
0 0.75078125 0.5652777777777778 0.03802083333333333 0.15833333333333333
0 0.25703125 0.49675925925925923 0.28802083333333334 0.9916666666666667
0 0.35651041666666666 0.5486111111111112 0.08697916666666666 0.36944444444444446
0 0.5643229166666667 0.5180555555555556 0.0921875 0.42314814814814816
0 0.48880208333333336 0.5550925925925926 0.08489583333333334 0.36018518518518516
0 0.27890625 0.5439814814814815 0.1484375 0.6416666666666667
0 0.20182291666666666 0.5458333333333333 0.1171875 0.5824074074074074
0 0.82265625 0.49675925925925923 0.0421875 0.21388888888888888
