0 0.88359375 0.49953703703703706 0.0328125 0.1787037037037037
0 0.4278645833333333 0.5236111111111111 0.0734375 0.43425925925925923
0 0.41640625 0.5439814814814815 0.13177083333333334 0.5453703703703704
0 0.85234375 0.4976851851851852 0.04739583333333333 0.2564814814814815
0 0.76171875 0.5162037037037037 0.049479166666666664 0.1824074074074074
0 0.9794270833333333 0.48564814814814816 0.03697916666666667 0.17314814814814813
0 0.96953125 0.5013888888888889 0.058854166666666666 0.21944444444444444
0 0.6903645833333333 0.5106481481481482 0.04635416666666667 0.19722222222222222
0 0.7252604166666666 0.5097222222222222 0.043229166666666666 0.2101851851851852
0 0.8611979166666667 0.5078703703703704 0.04010416666666667 0.17685185185185184
