0 0.96015625 0.47453703703703703 0.04010416666666667 0.18425925925925926
0 0.82578125 0.5189814814814815 0.0484375 0.2657407407407407
0 0.5513020833333333 0.5180555555555556 0.06614583333333333 0.35648148148148145
0 0.8627604166666667 0.5763888888888888 0.043229166666666666 0.17685185185185184
0 0.6528645833333333 0.5078703703703704 0.050520833333333334 0.225
0 0.58984375 0.5319444444444444 0.07239583333333334 0.3212962962962963
0 0.73515625 0.5078703703703704 0.06510416666666667 0.3472222222222222
0 0.6783854166666666 0.5300925925925926 0.06197916666666667 0.28055555555555556
0 0.60859375 0.5143518518518518 0.1140625 0.47129629629629627
0 0.52578125 0.5189814814814815 0.0796875 0.44351851851851853
0 0.4903645833333333 0.5541666666666667 0.11510416666666666 0.5175925925925926
0 0.41119791666666666 0.5467592592592593 0.0921875 0.47685185185185186
0 0.9549479166666667 0.4912037037037037 0.044270833333333336 0.19907407407407407
