0 0.5236979166666667 0.5949074074074074 0.18802083333333333 0.8027777777777778
0 0.7846354166666667 0.48657407407407405 0.0765625 0.30092592592592593
0 0.7346354166666667 0.5152777777777777 0.0453125 0.21388888888888888
0 0.27317708333333335 0.5319444444444444 0.07864583333333333 0.3472222222222222
0 0.7049479166666667 0.5578703703703703 0.0359375 0.14722222222222223
0 0.6893229166666667 0.5217592592592593 0.18177083333333333 0.9009259259259259
0 0.20911458333333333 0.5430555555555555 0.06927083333333334 0.3175925925925926
0 0.17005208333333333 0.5449074074074074 0.1078125 0.5694444444444444
0 0.11119791666666666 0.5930555555555556 0.1046875 0.46574074074074073
0 0.6872395833333333 0.4986111111111111 0.0546875 0.2175925925925926
