0 0.86015625 0.5337962962962963 0.0609375 0.2324074074074074
0 0.7455729166666667 0.5023148148148148 0.05677083333333333 0.27314814814814814
0 0.9013020833333333 0.5782407407407407 0.04739583333333333 0.19537037037037036
0 0.64453125 0.5171296296296296 0.06927083333333334 0.2953703703703704
0 0.7940104166666667 0.5087962962962963 0.059895833333333336 0.2712962962962963
0 0.88046875 0.49583333333333335 0.049479166666666664 0.2638888888888889
0 0.82578125 0.5125 0.04010416666666667 0.21944444444444444
0 0.7736979166666667 0.5041666666666667 0.0734375 0.3435185185185185
0 0.7143229166666667 0.5078703703703704 0.06927083333333334 0.33240740740740743
0 0.78046875 0.5226851851851851 0.0828125 0.36944444444444446
0 0.6596354166666667 0.5236111111111111 0.07447916666666667 0.3453703703703704
