0 0.9846354166666667 0.48194444444444445 0.0265625 0.16944444444444445
0 0.8075520833333333 0.5041666666666667 0.03697916666666667 0.17685185185185184
0 0.2674479166666667 0.549537037037037 0.11510416666666666 0.5268518518518519
0 0.7466145833333333 0.5125 0.058854166666666666 0.30462962962962964
0 0.63671875 0.5106481481481482 0.0453125 0.1712962962962963
0 0.9502604166666667 0.48935185185185187 0.043229166666666666 0.19537037037037036
0 0.96953125 0.5013888888888889 0.058854166666666666 0.21944444444444444
0 0.9721354166666667 0.4949074074074074 0.03697916666666667 0.19537037037037036
0 0.83046875 0.5041666666666667 0.0578125 0.24722222222222223
0 0.8721354166666667 0.500462962962963 0.05364583333333333 0.24722222222222223
0 0.73515625 0.5106481481481482 0.0359375 0.1675925925925926
