0 0.8596354166666667 0.5189814814814815 0.06197916666666667 0.25462962962962965
0 0.7721354166666666 0.5041666666666667 0.05364583333333333 0.25833333333333336
0 0.89765625 0.5782407407407407 0.04635416666666667 0.19907407407407407
0 0.6388020833333333 0.5171296296296296 0.07239583333333334 0.30648148148148147
0 0.8247395833333333 0.5087962962962963 0.0546875 0.2638888888888889
0 0.90546875 0.49398148148148147 0.04739583333333333 0.24537037037037038
0 0.8471354166666667 0.5106481481481482 0.0390625 0.21203703703703702
0 0.78671875 0.5023148148148148 0.07239583333333334 0.325
0 0.73515625 0.5060185185185185 0.0671875 0.3138888888888889
0 0.78671875 0.5226851851851851 0.07864583333333333 0.3509259259259259
0 0.6856770833333333 0.5208333333333334 0.07239583333333334 0.325
