0 0.5705729166666667 0.5986111111111111 0.17552083333333332 0.7805555555555556
0 0.7627604166666667 0.48657407407407405 0.07864583333333333 0.31203703703703706
0 0.73203125 0.5152777777777777 0.044270833333333336 0.21388888888888888
0 0.26796875 0.5273148148148148 0.07447916666666667 0.33425925925925926
0 0.7044270833333334 0.5578703703703703 0.034895833333333334 0.14351851851851852
0 0.7205729166666667 0.5310185185185186 0.16510416666666666 0.8638888888888889
0 0.20338541666666668 0.538425925925926 0.06614583333333333 0.30462962962962964
0 0.10807291666666667 0.5476851851851852 0.10885416666666667 0.5898148148148148
0 0.053385416666666664 0.5958333333333333 0.0953125 0.475
0 0.6690104166666667 0.4986111111111111 0.05572916666666667 0.2175925925925926
