0 0.8315104166666667 0.5041666666666667 0.0390625 0.17685185185185184
0 0.31536458333333334 0.5458333333333333 0.10260416666666666 0.49722222222222223
0 0.09088541666666666 0.5699074074074074 0.1578125 0.7083333333333334
0 0.78046875 0.5115740740740741 0.05572916666666667 0.287962962962963
0 0.6653645833333334 0.5125 0.04635416666666667 0.175
0 0.9596354166666666 0.48842592592592593 0.04114583333333333 0.1935185185185185
0 0.96953125 0.5013888888888889 0.058854166666666666 0.21944444444444444
0 0.9809895833333333 0.4949074074074074 0.033854166666666664 0.19166666666666668
0 0.79453125 0.5069444444444444 0.0546875 0.23425925925925925
0 0.8325520833333333 0.5032407407407408 0.05364583333333333 0.23796296296296296
0 0.7627604166666667 0.5106481481481482 0.03697916666666667 0.1712962962962963
