0 0.89765625 0.48657407407407405 0.0546875 0.22685185185185186
0 0.7815104166666667 0.5125 0.04739583333333333 0.24166666666666667
0 0.40963541666666664 0.5291666666666667 0.07864583333333333 0.375
0 0.76171875 0.5662037037037037 0.0390625 0.16018518518518518
0 0.13932291666666666 0.49583333333333335 0.2713541666666667 0.9898148148148148
0 0.39505208333333336 0.5449074074074074 0.08697916666666666 0.3731481481481482
0 0.5950520833333334 0.5162037037037037 0.08697916666666666 0.41203703703703703
0 0.5236979166666667 0.5513888888888889 0.08177083333333333 0.3453703703703704
0 0.34036458333333336 0.5375 0.14010416666666667 0.5990740740740741
0 0.2643229166666667 0.5402777777777777 0.11302083333333333 0.5601851851851852
0 0.08619791666666667 0.5949074074074074 0.1484375 0.7138888888888889
0 0.8440104166666667 0.49583333333333335 0.043229166666666666 0.21203703703703702
