0 0.86015625 0.5125 0.06302083333333333 0.2675925925925926
0 0.7861979166666667 0.5041666666666667 0.05260416666666667 0.25462962962962965
0 0.8966145833333333 0.5791666666666667 0.04635416666666667 0.20092592592592592
0 0.6356770833333333 0.5171296296296296 0.07239583333333334 0.3138888888888889
0 0.8419270833333333 0.5078703703703704 0.0515625 0.25833333333333336
0 0.91953125 0.4930555555555556 0.04635416666666667 0.2361111111111111
0 0.85859375 0.5106481481481482 0.0390625 0.20833333333333334
0 0.7934895833333333 0.5013888888888889 0.0734375 0.31574074074074077
0 0.7388020833333333 0.5050925925925925 0.06614583333333333 0.30833333333333335
0 0.78984375 0.5226851851851851 0.0765625 0.3398148148148148
0 0.70078125 0.5199074074074074 0.07135416666666666 0.31574074074074077
