0 0.9122395833333333 0.5143518518518518 0.050520833333333334 0.2861111111111111
0 0.8315104166666667 0.500462962962963 0.049479166666666664 0.24351851851851852
0 0.89921875 0.586574074074074 0.04739583333333333 0.19722222222222222
0 0.6216145833333333 0.5254629629629629 0.08177083333333333 0.3527777777777778
0 0.8768229166666667 0.5050925925925925 0.05260416666666667 0.24166666666666667
0 0.9466145833333334 0.4875 0.04010416666666667 0.22870370370370371
0 0.8981770833333333 0.5078703703703704 0.03697916666666667 0.19907407407407407
0 0.8278645833333333 0.500462962962963 0.0671875 0.2953703703703704
0 0.75234375 0.49953703703703706 0.06197916666666667 0.2898148148148148
0 0.8059895833333334 0.5189814814814815 0.06927083333333334 0.30648148148148147
0 0.7497395833333333 0.5171296296296296 0.0671875 0.28055555555555556
