0 0.9408854166666667 0.4791666666666667 0.0453125 0.20092592592592592
0 0.81171875 0.5180555555555556 0.04739583333333333 0.2601851851851852
0 0.50390625 0.5226851851851851 0.06927083333333334 0.36574074074074076
0 0.82109375 0.5763888888888888 0.04114583333333333 0.16574074074074074
0 0.6424479166666667 0.5060185185185185 0.050520833333333334 0.2175925925925926
0 0.5278645833333333 0.538425925925926 0.0859375 0.3416666666666667
0 0.70234375 0.5097222222222222 0.06822916666666666 0.36574074074074076
0 0.6419270833333334 0.5375 0.06822916666666666 0.30277777777777776
0 0.5502604166666667 0.5171296296296296 0.12447916666666667 0.5101851851851852
0 0.44869791666666664 0.5254629629629629 0.09010416666666667 0.4787037037037037
0 0.36223958333333334 0.5652777777777778 0.13177083333333334 0.5694444444444444
0 0.29348958333333336 0.5550925925925926 0.0859375 0.5231481481481481
0 0.9268229166666667 0.49212962962962964 0.044270833333333336 0.20462962962962963
