0 0.10182291666666667 0.5226851851851851 0.14635416666666667 0.9435185185185185
0 0.8658854166666666 0.49212962962962964 0.06197916666666667 0.24537037037037038
0 0.7611979166666667 0.5125 0.04635416666666667 0.23055555555555557
0 0.34036458333333336 0.5337962962962963 0.0859375 0.38055555555555554
0 0.73046875 0.5680555555555555 0.03697916666666667 0.1527777777777778
0 0.45390625 0.4976851851851852 0.23385416666666667 0.9935185185185185
0 0.29401041666666666 0.5513888888888889 0.0765625 0.375
0 0.48463541666666665 0.524537037037037 0.09739583333333333 0.4583333333333333
0 0.40182291666666664 0.5662037037037037 0.0921875 0.3861111111111111
0 0.16484375 0.5560185185185185 0.16197916666666667 0.7175925925925926
0 0.07317708333333334 0.549537037037037 0.10572916666666667 0.6564814814814814
0 0.7861979166666667 0.4976851851851852 0.044270833333333336 0.21574074074074073
