0 0.39088541666666665 0.5736111111111111 0.2203125 0.8453703703703703
0 0.8278645833333333 0.49212962962962964 0.07135416666666666 0.2712962962962963
0 0.7408854166666666 0.513425925925926 0.0453125 0.2175925925925926
0 0.2986979166666667 0.5347222222222222 0.08385416666666666 0.3675925925925926
0 0.7080729166666667 0.5597222222222222 0.0359375 0.15092592592592594
0 0.6091145833333333 0.5013888888888889 0.2171875 0.9935185185185185
0 0.22473958333333333 0.549537037037037 0.07552083333333333 0.3490740740740741
0 0.31953125 0.5347222222222222 0.10260416666666666 0.5194444444444445
0 0.26171875 0.5828703703703704 0.10364583333333334 0.4305555555555556
0 0.7315104166666667 0.4986111111111111 0.049479166666666664 0.2175925925925926
