0 0.97421875 0.4847222222222222 0.028645833333333332 0.175
0 0.7846354166666667 0.5050925925925925 0.034895833333333334 0.1787037037037037
0 0.20182291666666666 0.5513888888888889 0.12760416666666666 0.5564814814814815
0 0.7122395833333334 0.513425925925926 0.06302083333333333 0.3175925925925926
0 0.93828125 0.4912037037037037 0.044270833333333336 0.20277777777777778
0 0.96953125 0.5013888888888889 0.058854166666666666 0.21944444444444444
0 0.96328125 0.49398148148148147 0.04010416666666667 0.20092592592592592
0 0.8731770833333333 0.5013888888888889 0.0578125 0.2564814814814815
0 0.9143229166666667 0.49583333333333335 0.0484375 0.2564814814814815
0 0.7091145833333333 0.5106481481481482 0.0359375 0.1638888888888889
