0 0.08359375 0.5189814814814815 0.1390625 0.950925925925926
0 0.8674479166666667 0.49212962962962964 0.06302083333333333 0.24537037037037038
0 0.76171875 0.5125 0.04739583333333333 0.23055555555555557
0 0.34401041666666665 0.5337962962962963 0.08489583333333334 0.38055555555555554
0 0.73203125 0.5680555555555555 0.03802083333333333 0.1527777777777778
0 0.44557291666666665 0.4986111111111111 0.23802083333333332 0.9953703703703703
0 0.2986979166666667 0.5513888888888889 0.07760416666666667 0.375
0 0.4908854166666667 0.5236111111111111 0.09739583333333333 0.4564814814814815
0 0.40859375 0.5652777777777778 0.09114583333333333 0.38425925925925924
0 0.17369791666666667 0.5550925925925926 0.1609375 0.712037037037037
0 0.08411458333333334 0.5504629629629629 0.10885416666666667 0.6472222222222223
0 0.7888020833333333 0.4976851851851852 0.043229166666666666 0.21574074074074073
