0 0.88046875 0.48935185185185187 0.059895833333333336 0.2361111111111111
0 0.7700520833333333 0.5115740740740741 0.04739583333333333 0.2361111111111111
0 0.37213541666666666 0.5319444444444444 0.0828125 0.3768518518518518
0 0.74453125 0.5662037037037037 0.03802083333333333 0.15648148148148147
0 0.32526041666666666 0.4976851851851852 0.2786458333333333 0.9935185185185185
0 0.3372395833333333 0.549537037037037 0.08385416666666666 0.3712962962962963
0 0.54140625 0.5199074074074074 0.09427083333333333 0.43425925925925923
0 0.4622395833333333 0.5587962962962963 0.08802083333333334 0.3675925925925926
0 0.24348958333333334 0.5476851851851852 0.15260416666666668 0.6638888888888889
0 0.16640625 0.5486111111111112 0.11927083333333334 0.5953703703703703
0 0.81015625 0.49675925925925923 0.0421875 0.21388888888888888
