0 0.9565104166666667 0.513425925925926 0.034895833333333334 0.3138888888888889
0 0.8684895833333334 0.4986111111111111 0.04635416666666667 0.2324074074074074
0 0.9471354166666667 0.5837962962962963 0.0515625 0.2175925925925926
0 0.6013020833333333 0.5282407407407408 0.0765625 0.38796296296296295
0 0.08984375 0.5708333333333333 0.11197916666666667 0.6953703703703704
0 0.9013020833333333 0.5013888888888889 0.0515625 0.22685185185185186
0 0.9658854166666667 0.4837962962962963 0.034895833333333334 0.2212962962962963
0 0.9294270833333333 0.5060185185185185 0.034895833333333334 0.19166666666666668
0 0.8565104166666667 0.500462962962963 0.06197916666666667 0.28055555555555556
0 0.76640625 0.5023148148148148 0.0609375 0.28425925925925927
0 0.8440104166666667 0.5143518518518518 0.06614583333333333 0.27870370370370373
0 0.7846354166666667 0.513425925925926 0.0640625 0.262037037037037
