0 0.9815104166666667 0.513425925925926 0.0265625 0.33240740740740743
0 0.8809895833333333 0.49583333333333335 0.044270833333333336 0.22685185185185186
0 0.58359375 0.5291666666666667 0.09114583333333333 0.42314814814814816
0 0.19557291666666668 0.5597222222222222 0.11927083333333334 0.6287037037037037
0 0.9138020833333333 0.49953703703703706 0.0453125 0.21203703703703702
0 0.97421875 0.4828703703703704 0.0328125 0.21944444444444444
0 0.94140625 0.5050925925925925 0.033854166666666664 0.1824074074074074
0 0.8747395833333333 0.4986111111111111 0.058854166666666666 0.27314814814814814
0 0.7872395833333333 0.500462962962963 0.058854166666666666 0.2657407407407407
0 0.8674479166666667 0.5115740740740741 0.06510416666666667 0.2657407407407407
0 0.80234375 0.5115740740740741 0.06197916666666667 0.25462962962962965
