0 0.9341145833333333 0.48009259259259257 0.04635416666666667 0.2064814814814815
0 0.8075520833333333 0.5162037037037037 0.04739583333333333 0.2564814814814815
0 0.48984375 0.5236111111111111 0.0703125 0.3675925925925926
0 0.80859375 0.5736111111111111 0.04114583333333333 0.1638888888888889
0 0.6393229166666666 0.5050925925925925 0.050520833333333334 0.21574074074074073
0 0.51015625 0.5402777777777777 0.09010416666666667 0.3490740740740741
0 0.69296875 0.5106481481481482 0.0703125 0.3712962962962963
0 0.6294270833333333 0.5393518518518519 0.0703125 0.3101851851851852
0 0.5299479166666666 0.5180555555555556 0.12760416666666666 0.5231481481481481
0 0.4236979166666667 0.5273148148148148 0.09427083333333333 0.4898148148148148
0 0.32578125 0.5689814814814815 0.1359375 0.5842592592592593
0 0.2591145833333333 0.5578703703703703 0.08385416666666666 0.5361111111111111
0 0.9143229166666667 0.49212962962962964 0.044270833333333336 0.20462962962962963
