0 0.22942708333333334 0.5458333333333333 0.19947916666666668 0.9009259259259259
0 0.8549479166666667 0.49398148148148147 0.06510416666666667 0.25277777777777777
0 0.75390625 0.5125 0.04635416666666667 0.22685185185185186
0 0.32317708333333334 0.5347222222222222 0.08697916666666666 0.3787037037037037
0 0.7221354166666667 0.5671296296296297 0.03697916666666667 0.15092592592592594
0 0.51484375 0.49675925925925923 0.2078125 0.9916666666666667
0 0.2674479166666667 0.5513888888888889 0.0734375 0.3712962962962963
0 0.44036458333333334 0.5273148148148148 0.0984375 0.4787037037037037
0 0.35546875 0.5717592592592593 0.0953125 0.4009259259259259
0 0.10338541666666666 0.5615740740740741 0.1703125 0.7583333333333333
0 0.76796875 0.4976851851851852 0.0453125 0.21574074074074073
