0 0.98359375 0.48194444444444445 0.0265625 0.16944444444444445
0 0.80546875 0.5041666666666667 0.03697916666666667 0.17685185185185184
0 0.26067708333333334 0.5486111111111112 0.11614583333333334 0.5287037037037037
0 0.7434895833333334 0.5125 0.058854166666666666 0.30462962962962964
0 0.6341145833333334 0.5106481481481482 0.044270833333333336 0.1712962962962963
0 0.94921875 0.49027777777777776 0.043229166666666666 0.19722222222222222
0 0.96953125 0.5013888888888889 0.058854166666666666 0.21944444444444444
0 0.97109375 0.4949074074074074 0.03697916666666667 0.19537037037037036
0 0.83359375 0.5050925925925925 0.0578125 0.2490740740740741
0 0.87578125 0.500462962962963 0.05260416666666667 0.24722222222222223
0 0.7330729166666666 0.5106481481481482 0.0359375 0.1675925925925926
