0 0.8841145833333334 0.5143518518518518 0.0609375 0.2675925925925926
0 0.80859375 0.5023148148148148 0.0515625 0.24722222222222223
0 0.89453125 0.5800925925925926 0.044270833333333336 0.20277777777777778
0 0.6309895833333333 0.5180555555555556 0.07552083333333333 0.32314814814814813
0 0.8611979166666667 0.5060185185185185 0.050520833333333334 0.25092592592592594
0 0.9325520833333333 0.48935185185185187 0.043229166666666666 0.2324074074074074
0 0.8783854166666667 0.5087962962962963 0.03697916666666667 0.20462962962962963
0 0.8096354166666667 0.5013888888888889 0.0703125 0.30462962962962964
0 0.7455729166666667 0.5023148148148148 0.06510416666666667 0.29907407407407405
0 0.7950520833333333 0.5226851851851851 0.07239583333333334 0.3212962962962963
0 0.7247395833333333 0.5180555555555556 0.06927083333333334 0.2972222222222222
