0 0.8596354166666667 0.5171296296296296 0.06197916666666667 0.25833333333333336
0 0.77734375 0.5050925925925925 0.05364583333333333 0.2564814814814815
0 0.89765625 0.5782407407407407 0.04635416666666667 0.19907407407407407
0 0.6377604166666667 0.5171296296296296 0.07239583333333334 0.3101851851851852
0 0.83046875 0.5078703703703704 0.05364583333333333 0.262037037037037
0 0.9096354166666667 0.4930555555555556 0.04739583333333333 0.24351851851851852
0 0.8513020833333333 0.5106481481481482 0.0390625 0.21203703703703702
0 0.7893229166666667 0.5023148148148148 0.0734375 0.3212962962962963
0 0.7361979166666667 0.5050925925925925 0.0671875 0.31203703703703706
0 0.7872395833333333 0.5226851851851851 0.07760416666666667 0.3472222222222222
0 0.6908854166666667 0.5208333333333334 0.07239583333333334 0.3212962962962963
