0 0.8763020833333334 0.5143518518518518 0.0640625 0.2638888888888889
0 0.80234375 0.5023148148148148 0.0515625 0.25092592592592594
0 0.89453125 0.5791666666666667 0.044270833333333336 0.20092592592592592
0 0.63203125 0.5171296296296296 0.07552083333333333 0.3212962962962963
0 0.8565104166666667 0.5069444444444444 0.0515625 0.25277777777777777
0 0.92890625 0.49027777777777776 0.044270833333333336 0.23425925925925925
0 0.87265625 0.5097222222222222 0.03802083333333333 0.2064814814814815
0 0.8044270833333333 0.500462962962963 0.07239583333333334 0.30648148148148147
0 0.7434895833333334 0.5023148148148148 0.06510416666666667 0.30277777777777776
0 0.7934895833333333 0.5226851851851851 0.0734375 0.3287037037037037
0 0.71796875 0.5189814814814815 0.0703125 0.30277777777777776
