0 0.9638020833333333 0.48842592592592593 0.030729166666666665 0.1824074074074074
0 0.14609375 0.5606481481481481 0.18697916666666667 0.8157407407407408
0 0.75859375 0.5050925925925925 0.0328125 0.1787037037037037
0 0.13307291666666668 0.5560185185185185 0.13802083333333334 0.5916666666666667
0 0.6669270833333333 0.5152777777777777 0.06614583333333333 0.33611111111111114
0 0.9247395833333333 0.49212962962962964 0.04635416666666667 0.20833333333333334
0 0.96953125 0.5013888888888889 0.058854166666666666 0.21944444444444444
0 0.9544270833333334 0.4930555555555556 0.043229166666666666 0.2064814814814815
0 0.9263020833333333 0.49675925925925923 0.0515625 0.262037037037037
0 0.96015625 0.49027777777777776 0.0421875 0.2675925925925926
0 0.6809895833333334 0.5115740740740741 0.033854166666666664 0.16203703703703703
