0 0.9856770833333334 0.4828703703703704 0.0265625 0.1675925925925926
0 0.8143229166666667 0.5041666666666667 0.03802083333333333 0.17685185185185184
0 0.28046875 0.5476851851851852 0.11197916666666667 0.5194444444444445
0 0.75546875 0.5115740740740741 0.0578125 0.29907407407407405
0 0.64453125 0.5106481481481482 0.044270833333333336 0.1712962962962963
0 0.9533854166666667 0.48935185185185187 0.043229166666666666 0.19537037037037036
0 0.96953125 0.5013888888888889 0.058854166666666666 0.21944444444444444
0 0.9747395833333333 0.49398148148148147 0.0359375 0.1935185185185185
0 0.8205729166666667 0.5060185185185185 0.05677083333333333 0.24351851851851852
0 0.86015625 0.5023148148148148 0.0546875 0.24351851851851852
0 0.7419270833333333 0.5106481481481482 0.03697916666666667 0.1675925925925926
