0 0.8455729166666667 0.5023148148148148 0.03802083333333333 0.17685185185185184
0 0.34661458333333334 0.5421296296296296 0.09427083333333333 0.4787037037037037
0 0.17473958333333334 0.5578703703703703 0.14010416666666667 0.6657407407407407
0 0.8002604166666667 0.5087962962962963 0.05364583333333333 0.27870370370370373
0 0.6861979166666666 0.513425925925926 0.04635416666666667 0.17685185185185184
0 0.9658854166666667 0.48657407407407405 0.04114583333333333 0.1935185185185185
0 0.96953125 0.5013888888888889 0.058854166666666666 0.21944444444444444
0 0.7684895833333333 0.5078703703703704 0.05260416666666667 0.225
0 0.80546875 0.5050925925925925 0.0515625 0.23055555555555557
0 0.7872395833333333 0.5097222222222222 0.03802083333333333 0.17314814814814813
