0 0.8606770833333334 0.5523148148148148 0.059895833333333336 0.19907407407407407
0 0.7091145833333333 0.500462962962963 0.0609375 0.2953703703703704
0 0.90703125 0.5773148148148148 0.04635416666666667 0.1935185185185185
0 0.6518229166666667 0.5171296296296296 0.06510416666666667 0.28425925925925927
0 0.74921875 0.5125 0.0640625 0.2824074074074074
0 0.84609375 0.4986111111111111 0.0515625 0.28425925925925927
0 0.7950520833333333 0.5143518518518518 0.043229166666666666 0.22685185185185186
0 0.7565104166666666 0.5060185185185185 0.07239583333333334 0.36574074074074076
0 0.68203125 0.5097222222222222 0.07135416666666666 0.36203703703703705
0 0.7559895833333333 0.5291666666666667 0.09010416666666667 0.39351851851851855
0 0.62265625 0.5263888888888889 0.07760416666666667 0.36944444444444446
