0 0.9091145833333333 0.4847222222222222 0.05260416666666667 0.21944444444444444
0 0.7888020833333333 0.513425925925926 0.04739583333333333 0.24722222222222223
0 0.43463541666666666 0.5273148148148148 0.0765625 0.3712962962962963
0 0.77421875 0.5689814814814815 0.0390625 0.16203703703703703
0 0.6263020833333334 0.5143518518518518 0.08072916666666667 0.3972222222222222
0 0.55546875 0.5476851851851852 0.07864583333333333 0.33425925925925926
0 0.3997395833333333 0.5310185185185186 0.13385416666666666 0.5675925925925925
0 0.3268229166666667 0.5365740740740741 0.10885416666666667 0.537962962962963
0 0.16588541666666667 0.5847222222222223 0.14739583333333334 0.6638888888888889
0 0.12057291666666667 0.5828703703703704 0.12135416666666667 0.600925925925926
0 0.8658854166666666 0.4949074074074074 0.043229166666666666 0.2101851851851852
