0 0.57421875 0.5976851851851852 0.17447916666666666 0.775
0 0.7596354166666667 0.48657407407407405 0.07864583333333333 0.31574074074074077
0 0.73203125 0.5162037037037037 0.044270833333333336 0.21203703703703702
0 0.26796875 0.5263888888888889 0.07447916666666667 0.33240740740740743
0 0.7044270833333334 0.5578703703703703 0.034895833333333334 0.14351851851851852
0 0.72578125 0.5328703703703703 0.16302083333333334 0.8564814814814815
0 0.20338541666666668 0.538425925925926 0.06614583333333333 0.30092592592592593
0 0.09921875 0.5486111111111112 0.10989583333333333 0.5916666666666667
0 0.04765625 0.5958333333333333 0.09010416666666667 0.475
0 0.6669270833333333 0.500462962962963 0.05572916666666667 0.2175925925925926
