0 0.89140625 0.48842592592592593 0.05677083333333333 0.23055555555555557
0 0.77734375 0.5115740740740741 0.04739583333333333 0.23981481481481481
0 0.39609375 0.5300925925925926 0.08072916666666667 0.3731481481481482
0 0.75546875 0.5652777777777778 0.0390625 0.15833333333333333
0 0.20598958333333334 0.49583333333333335 0.2942708333333333 0.9898148148148148
0 0.37057291666666664 0.5486111111111112 0.09010416666666667 0.36944444444444446
0 0.5778645833333333 0.5171296296296296 0.09010416666666667 0.41759259259259257
0 0.5049479166666667 0.5532407407407407 0.08385416666666666 0.3527777777777778
0 0.30494791666666665 0.5412037037037037 0.14427083333333332 0.6212962962962963
0 0.22890625 0.5449074074074074 0.11510416666666666 0.5731481481481482
0 0.06536458333333334 0.5976851851851852 0.1296875 0.7231481481481481
0 0.83203125 0.49583333333333335 0.0421875 0.21203703703703702
