0 0.8690104166666667 0.500462962962963 0.034895833333333334 0.17685185185185184
0 0.3971354166666667 0.5300925925925926 0.08072916666666667 0.45092592592592595
0 0.32734375 0.5458333333333333 0.13072916666666667 0.5898148148148148
0 0.8325520833333333 0.5023148148148148 0.049479166666666664 0.2657407407407407
0 0.73203125 0.5152777777777777 0.0484375 0.18055555555555555
0 0.9752604166666666 0.4847222222222222 0.0390625 0.18611111111111112
0 0.96953125 0.5013888888888889 0.058854166666666666 0.21944444444444444
0 0.71953125 0.5087962962962963 0.0484375 0.20833333333333334
0 0.75546875 0.5078703703703704 0.04739583333333333 0.2175925925925926
0 0.83359375 0.5087962962962963 0.0390625 0.175
