0 0.9247395833333333 0.48194444444444445 0.0484375 0.2101851851851852
0 0.8002604166666667 0.5162037037037037 0.04739583333333333 0.25277777777777777
0 0.46901041666666665 0.5254629629629629 0.07239583333333334 0.3675925925925926
0 0.79140625 0.5717592592592593 0.04010416666666667 0.1638888888888889
0 0.48359375 0.5430555555555555 0.0953125 0.35833333333333334
0 0.6705729166666666 0.5115740740740741 0.0734375 0.38055555555555554
0 0.6018229166666667 0.5421296296296296 0.0734375 0.3194444444444444
0 0.48098958333333336 0.5226851851851851 0.1296875 0.5398148148148149
0 0.38776041666666666 0.5310185185185186 0.09947916666666666 0.5083333333333333
0 0.27057291666666666 0.5736111111111111 0.1421875 0.6046296296296296
0 0.20807291666666666 0.5615740740740741 0.0859375 0.5583333333333333
0 0.89609375 0.4930555555555556 0.043229166666666666 0.2064814814814815
