0 0.5158854166666667 0.5930555555555556 0.1890625 0.8064814814814815
0 0.7877604166666666 0.48564814814814816 0.0765625 0.29907407407407405
0 0.73515625 0.5152777777777777 0.044270833333333336 0.21388888888888888
0 0.27421875 0.5319444444444444 0.07864583333333333 0.3509259259259259
0 0.70546875 0.5578703703703703 0.034895833333333334 0.14722222222222223
0 0.6846354166666667 0.5208333333333334 0.18489583333333334 0.9064814814814814
0 0.20911458333333333 0.5421296296296296 0.06927083333333334 0.3194444444444444
0 0.17890625 0.5439814814814815 0.10677083333333333 0.5675925925925925
0 0.12057291666666667 0.5921296296296297 0.1046875 0.4638888888888889
0 0.68984375 0.4986111111111111 0.05364583333333333 0.2175925925925926
