0 0.87734375 0.49027777777777776 0.059895833333333336 0.23796296296296296
0 0.76796875 0.5125 0.04739583333333333 0.23425925925925925
0 0.36484375 0.5319444444444444 0.0828125 0.3768518518518518
0 0.74140625 0.5671296296296297 0.03802083333333333 0.15462962962962962
0 0.35963541666666665 0.4986111111111111 0.27447916666666666 0.9953703703703703
0 0.32786458333333335 0.5504629629629629 0.08177083333333333 0.3731481481481482
0 0.52890625 0.5208333333333334 0.09427083333333333 0.4398148148148148
0 0.44869791666666664 0.5606481481481481 0.08802083333333334 0.3712962962962963
0 0.22682291666666668 0.5486111111111112 0.1546875 0.6768518518518518
0 0.14817708333333332 0.5504629629629629 0.1203125 0.6027777777777777
0 0.8049479166666667 0.4976851851851852 0.0421875 0.21574074074074073
