0 0.8471354166666667 0.5023148148148148 0.0390625 0.17685185185185184
0 0.3502604166666667 0.5412037037037037 0.09322916666666667 0.47685185185185186
0 0.18515625 0.5560185185185185 0.13802083333333334 0.6620370370370371
0 0.8028645833333333 0.5087962962962963 0.05260416666666667 0.27870370370370373
0 0.6888020833333334 0.513425925925926 0.04739583333333333 0.17685185185185184
0 0.9658854166666667 0.48657407407407405 0.04114583333333333 0.1935185185185185
0 0.96953125 0.5013888888888889 0.058854166666666666 0.21944444444444444
0 0.7653645833333333 0.5078703703703704 0.05260416666666667 0.225
0 0.80234375 0.5050925925925925 0.0515625 0.23055555555555557
0 0.7903645833333334 0.5097222222222222 0.03802083333333333 0.17314814814814813
