0 0.87734375 0.49953703703703706 0.0328125 0.1787037037037037
0 0.41484375 0.5273148148148148 0.0765625 0.44166666666666665
0 0.3768229166666667 0.5449074074074074 0.13177083333333334 0.5657407407407408
0 0.8434895833333333 0.49953703703703706 0.0484375 0.2601851851851852
0 0.7486979166666666 0.5162037037037037 0.0484375 0.1824074074074074
0 0.9778645833333334 0.48564814814814816 0.03802083333333333 0.18055555555555555
0 0.96953125 0.5013888888888889 0.058854166666666666 0.21944444444444444
0 0.7033854166666667 0.5097222222222222 0.04739583333333333 0.20277777777777778
0 0.7388020833333333 0.5087962962962963 0.0453125 0.21203703703703702
0 0.8486979166666667 0.5078703703703704 0.04010416666666667 0.17685185185185184
