0 0.8466145833333333 0.5365740740740741 0.0546875 0.22685185185185186
0 0.6513020833333333 0.5060185185185185 0.06197916666666667 0.3175925925925926
0 0.9169270833333333 0.5819444444444445 0.04739583333333333 0.19166666666666668
0 0.6549479166666666 0.5152777777777777 0.0609375 0.262037037037037
0 0.6908854166666667 0.5189814814814815 0.06614583333333333 0.2953703703703704
0 0.8044270833333333 0.5013888888888889 0.0578125 0.30833333333333335
0 0.7544270833333333 0.5171296296296296 0.049479166666666664 0.23981481481481481
0 0.7190104166666667 0.5097222222222222 0.0890625 0.39537037037037037
0 0.6434895833333333 0.5115740740740741 0.0734375 0.39537037037037037
0 0.6768229166666667 0.5375 0.09635416666666667 0.4324074074074074
0 0.56796875 0.5319444444444444 0.08072916666666667 0.4027777777777778
