0 0.9346354166666667 0.5143518518518518 0.043229166666666666 0.30092592592592593
0 0.8497395833333333 0.49953703703703706 0.0484375 0.23796296296296296
0 0.9158854166666667 0.5856481481481481 0.049479166666666664 0.20277777777777778
0 0.6138020833333333 0.5310185185185186 0.08697916666666666 0.3787037037037037
0 0.8893229166666666 0.5041666666666667 0.05260416666666667 0.2361111111111111
0 0.9575520833333333 0.48564814814814816 0.03697916666666667 0.225
0 0.91328125 0.5078703703703704 0.0359375 0.19537037037037036
0 0.8424479166666666 0.500462962962963 0.06510416666666667 0.287962962962963
0 0.7575520833333333 0.500462962962963 0.06197916666666667 0.287962962962963
0 0.81953125 0.5152777777777777 0.0671875 0.2916666666666667
0 0.7684895833333333 0.5152777777777777 0.06510416666666667 0.2657407407407407
