0 0.9778645833333334 0.4837962962962963 0.027604166666666666 0.17314814814814813
0 0.79296875 0.5050925925925925 0.034895833333333334 0.1787037037037037
0 0.22578125 0.5504629629629629 0.1234375 0.5472222222222223
0 0.7247395833333333 0.513425925925926 0.0609375 0.3138888888888889
0 0.9424479166666667 0.49027777777777776 0.044270833333333336 0.20092592592592592
0 0.96953125 0.5013888888888889 0.058854166666666666 0.21944444444444444
0 0.9669270833333333 0.49398148148148147 0.0390625 0.19722222222222222
0 0.85546875 0.5032407407407408 0.059895833333333336 0.25277777777777777
0 0.8986979166666667 0.4976851851851852 0.050520833333333334 0.25277777777777777
0 0.7184895833333333 0.5115740740740741 0.0359375 0.16574074074074074
