0 0.9768229166666667 0.4837962962962963 0.027604166666666666 0.17314814814814813
0 0.7908854166666667 0.5050925925925925 0.034895833333333334 0.1787037037037037
0 0.21901041666666668 0.5504629629629629 0.12447916666666667 0.5472222222222223
0 0.7216145833333333 0.513425925925926 0.0609375 0.3138888888888889
0 0.94140625 0.49027777777777776 0.044270833333333336 0.20092592592592592
0 0.96953125 0.5013888888888889 0.058854166666666666 0.21944444444444444
0 0.9658854166666667 0.4949074074074074 0.0390625 0.19907407407407407
0 0.86015625 0.5023148148148148 0.058854166666666666 0.25462962962962965
0 0.90234375 0.49675925925925923 0.049479166666666664 0.25462962962962965
0 0.71640625 0.5115740740740741 0.0359375 0.16574074074074074
