0 0.30234375 0.5587962962962963 0.22864583333333333 0.875
0 0.8486979166666667 0.4949074074074074 0.0671875 0.25462962962962965
0 0.7497395833333333 0.513425925925926 0.04635416666666667 0.225
0 0.31640625 0.5347222222222222 0.0859375 0.375
0 0.71796875 0.5652777777777778 0.03697916666666667 0.15092592592592594
0 0.5440104166666667 0.4976851851851852 0.2015625 0.9898148148148148
0 0.25546875 0.5504629629629629 0.07447916666666667 0.36574074074074076
0 0.4080729166666667 0.5300925925925926 0.10052083333333334 0.49166666666666664
0 0.32890625 0.5745370370370371 0.0984375 0.4101851851851852
0 0.7575520833333333 0.4976851851851852 0.04739583333333333 0.21574074074074073
