0 0.86796875 0.500462962962963 0.034895833333333334 0.17685185185185184
0 0.39453125 0.5310185185185186 0.08177083333333333 0.4527777777777778
0 0.31692708333333336 0.5467592592592593 0.13072916666666667 0.5953703703703703
0 0.83046875 0.5023148148148148 0.049479166666666664 0.2657407407407407
0 0.72890625 0.5152777777777777 0.0484375 0.18055555555555555
0 0.9752604166666666 0.4847222222222222 0.0390625 0.18981481481481483
0 0.96953125 0.5013888888888889 0.058854166666666666 0.21944444444444444
0 0.7231770833333333 0.5087962962962963 0.049479166666666664 0.20833333333333334
0 0.75859375 0.5078703703703704 0.04739583333333333 0.2175925925925926
0 0.83046875 0.5087962962962963 0.0390625 0.175
