0 0.9106770833333333 0.4847222222222222 0.0515625 0.21944444444444444
0 0.78984375 0.513425925925926 0.04739583333333333 0.24722222222222223
0 0.43776041666666665 0.5273148148148148 0.0765625 0.3712962962962963
0 0.77578125 0.5689814814814815 0.04010416666666667 0.16203703703703703
0 0.63046875 0.5143518518518518 0.08072916666666667 0.3972222222222222
0 0.56015625 0.5476851851851852 0.07760416666666667 0.33425925925925926
0 0.4080729166666667 0.5310185185185186 0.13385416666666666 0.5638888888888889
0 0.33255208333333336 0.5347222222222222 0.1078125 0.5342592592592592
0 0.17734375 0.5828703703703704 0.14739583333333334 0.6564814814814814
0 0.12890625 0.5800925925925926 0.1171875 0.5953703703703703
0 0.8690104166666667 0.4949074074074074 0.043229166666666666 0.2101851851851852
