0 0.9065104166666667 0.5143518518518518 0.05364583333333333 0.2824074074074074
0 0.82734375 0.500462962962963 0.049479166666666664 0.24351851851851852
0 0.8981770833333333 0.5847222222222223 0.04739583333333333 0.19722222222222222
0 0.6231770833333333 0.5236111111111111 0.08072916666666667 0.3490740740740741
0 0.87421875 0.5060185185185185 0.0515625 0.24351851851851852
0 0.9440104166666666 0.4875 0.04114583333333333 0.22870370370370371
0 0.8940104166666667 0.5087962962962963 0.03697916666666667 0.20092592592592592
0 0.82421875 0.500462962962963 0.06822916666666666 0.2953703703703704
0 0.75078125 0.500462962962963 0.06302083333333333 0.2916666666666667
0 0.8033854166666666 0.5199074074074074 0.0703125 0.30833333333333335
0 0.74453125 0.5171296296296296 0.0671875 0.28425925925925927
