0 0.5080729166666667 0.5921296296296297 0.19010416666666666 0.8083333333333333
0 0.7908854166666667 0.48564814814814816 0.0765625 0.29907407407407405
0 0.73515625 0.5143518518518518 0.044270833333333336 0.21574074074074073
0 0.2752604166666667 0.5328703703703703 0.08072916666666667 0.3527777777777778
0 0.70546875 0.5578703703703703 0.034895833333333334 0.14722222222222223
0 0.68046875 0.5199074074074074 0.18697916666666667 0.9120370370370371
0 0.20963541666666666 0.5430555555555555 0.0703125 0.3212962962962963
0 0.18723958333333332 0.5430555555555555 0.10677083333333333 0.562037037037037
0 0.12994791666666666 0.5912037037037037 0.1046875 0.462037037037037
0 0.6924479166666667 0.4986111111111111 0.05260416666666667 0.2175925925925926
