0 0.8606770833333334 0.5532407407407407 0.059895833333333336 0.19722222222222222
0 0.70703125 0.500462962962963 0.0609375 0.2953703703703704
0 0.90703125 0.5773148148148148 0.04635416666666667 0.1935185185185185
0 0.65234375 0.5171296296296296 0.06614583333333333 0.28055555555555556
0 0.74609375 0.5125 0.0640625 0.2824074074074074
0 0.8434895833333333 0.49953703703703706 0.05260416666666667 0.2861111111111111
0 0.79296875 0.5143518518518518 0.043229166666666666 0.22685185185185186
0 0.75546875 0.5069444444444444 0.07239583333333334 0.3675925925925926
0 0.6799479166666667 0.5097222222222222 0.07135416666666666 0.36203703703703705
0 0.75390625 0.5300925925925926 0.09010416666666667 0.39537037037037037
0 0.6205729166666667 0.5263888888888889 0.07760416666666667 0.3731481481481482
