0 0.86015625 0.5347222222222222 0.0609375 0.23055555555555557
0 0.74296875 0.5023148148148148 0.0578125 0.27685185185185185
0 0.9018229166666667 0.5782407407407407 0.04635416666666667 0.19537037037037036
0 0.64453125 0.5171296296296296 0.06927083333333334 0.2953703703703704
0 0.7908854166666667 0.5087962962962963 0.059895833333333336 0.2712962962962963
0 0.8783854166666667 0.49583333333333335 0.049479166666666664 0.2638888888888889
0 0.8236979166666667 0.5125 0.04010416666666667 0.21944444444444444
0 0.77265625 0.5041666666666667 0.0734375 0.3435185185185185
0 0.7122395833333334 0.5069444444444444 0.06927083333333334 0.33425925925925926
0 0.7799479166666666 0.5226851851851851 0.08385416666666666 0.36944444444444446
0 0.65703125 0.5236111111111111 0.07552083333333333 0.3453703703703704
