0 0.89296875 0.49398148148148147 0.043229166666666666 0.22314814814814815
0 0.5643229166666667 0.5310185185185186 0.10260416666666666 0.4527777777777778
0 0.27734375 0.5486111111111112 0.1140625 0.5731481481481482
0 0.92421875 0.5041666666666667 0.03697916666666667 0.20277777777777778
0 0.9815104166666667 0.4810185185185185 0.030729166666666665 0.21574074074074073
0 0.9518229166666666 0.5041666666666667 0.03177083333333333 0.17685185185185184
0 0.89140625 0.49675925925925923 0.05677083333333333 0.2657407407407407
0 0.80546875 0.4986111111111111 0.05572916666666667 0.25092592592592594
0 0.8809895833333333 0.5106481481481482 0.06510416666666667 0.2601851851851852
0 0.8184895833333333 0.5097222222222222 0.058854166666666666 0.24722222222222223
