0 0.9658854166666667 0.4726851851851852 0.0390625 0.18055555555555555
0 0.8278645833333333 0.5180555555555556 0.0484375 0.2638888888888889
0 0.56484375 0.5171296296296296 0.06614583333333333 0.3509259259259259
0 0.8747395833333333 0.5773148148148148 0.044270833333333336 0.1787037037037037
0 0.6528645833333333 0.5078703703703704 0.05260416666666667 0.22870370370370371
0 0.60703125 0.5291666666666667 0.06927083333333334 0.31574074074074077
0 0.7440104166666667 0.5069444444444444 0.0640625 0.3416666666666667
0 0.6888020833333334 0.5282407407407408 0.059895833333333336 0.27314814814814814
0 0.6247395833333333 0.5143518518518518 0.1109375 0.4601851851851852
0 0.54296875 0.5180555555555556 0.07864583333333333 0.43796296296296294
0 0.52265625 0.5504629629629629 0.1109375 0.5027777777777778
0 0.44557291666666665 0.5449074074074074 0.09427083333333333 0.462037037037037
0 0.96171875 0.4912037037037037 0.0453125 0.19907407407407407
