0 0.86015625 0.5375 0.0609375 0.225
0 0.73828125 0.5023148148148148 0.05677083333333333 0.27685185185185185
0 0.9028645833333333 0.5782407407407407 0.04635416666666667 0.19537037037037036
0 0.64609375 0.5171296296296296 0.06822916666666666 0.2953703703703704
0 0.78515625 0.5097222222222222 0.0609375 0.27314814814814814
0 0.8736979166666666 0.49675925925925923 0.050520833333333334 0.2657407407407407
0 0.81953125 0.5125 0.04010416666666667 0.21944444444444444
0 0.7700520833333333 0.5041666666666667 0.07239583333333334 0.3472222222222222
0 0.7080729166666667 0.5078703703703704 0.06927083333333334 0.3398148148148148
0 0.77890625 0.5226851851851851 0.08385416666666666 0.3731481481481482
0 0.6518229166666667 0.5236111111111111 0.07552083333333333 0.3490740740740741
