0 0.9674479166666666 0.4726851851851852 0.03802083333333333 0.18055555555555555
0 0.8283854166666667 0.5171296296296296 0.049479166666666664 0.262037037037037
0 0.5684895833333333 0.5162037037037037 0.06510416666666667 0.3490740740740741
0 0.8778645833333333 0.5773148148148148 0.044270833333333336 0.1787037037037037
0 0.6528645833333333 0.5087962962962963 0.05260416666666667 0.23055555555555557
0 0.61015625 0.5291666666666667 0.06927083333333334 0.31574074074074077
0 0.74609375 0.5060185185185185 0.0640625 0.3398148148148148
0 0.69140625 0.5282407407407408 0.0609375 0.27314814814814814
0 0.6294270833333333 0.513425925925926 0.10989583333333333 0.4583333333333333
0 0.5471354166666667 0.5171296296296296 0.07864583333333333 0.4361111111111111
0 0.5294270833333333 0.5504629629629629 0.10989583333333333 0.49907407407407406
0 0.45390625 0.5439814814814815 0.09427083333333333 0.4601851851851852
0 0.9638020833333333 0.49027777777777776 0.0453125 0.19722222222222222
