0 0.8658854166666666 0.500462962962963 0.034895833333333334 0.17685185185185184
0 0.39088541666666665 0.5319444444444444 0.0828125 0.4546296296296296
0 0.30703125 0.5467592592592593 0.1296875 0.5990740740740741
0 0.8283854166666667 0.5032407407407408 0.049479166666666664 0.2675925925925926
0 0.7252604166666666 0.5152777777777777 0.04739583333333333 0.18055555555555555
0 0.9747395833333333 0.4847222222222222 0.04010416666666667 0.18981481481481483
0 0.96953125 0.5013888888888889 0.058854166666666666 0.21944444444444444
0 0.7263020833333333 0.5097222222222222 0.049479166666666664 0.2101851851851852
0 0.76171875 0.5069444444444444 0.04739583333333333 0.21944444444444444
0 0.82734375 0.5087962962962963 0.0390625 0.175
