0 0.9809895833333333 0.4828703703703704 0.027604166666666666 0.1712962962962963
0 0.79921875 0.5041666666666667 0.03697916666666667 0.17685185185185184
0 0.24296875 0.549537037037037 0.1203125 0.537962962962963
0 0.7341145833333333 0.5125 0.0609375 0.30833333333333335
0 0.6268229166666667 0.5115740740740741 0.044270833333333336 0.16944444444444445
0 0.9455729166666667 0.49027777777777776 0.044270833333333336 0.19722222222222222
0 0.96953125 0.5013888888888889 0.058854166666666666 0.21944444444444444
0 0.96953125 0.49398148148148147 0.03802083333333333 0.19722222222222222
0 0.8434895833333333 0.5041666666666667 0.058854166666666666 0.25092592592592594
0 0.8877604166666667 0.4986111111111111 0.0515625 0.25092592592592594
0 0.72578125 0.5106481481481482 0.0359375 0.1675925925925926
