0 0.21119791666666668 0.5430555555555555 0.1921875 0.9064814814814814
0 0.8559895833333333 0.4930555555555556 0.06510416666666667 0.25092592592592594
0 0.7549479166666667 0.5125 0.04635416666666667 0.22685185185185186
0 0.32473958333333336 0.5347222222222222 0.0859375 0.3787037037037037
0 0.7231770833333333 0.5671296296296297 0.03697916666666667 0.15092592592592594
0 0.5065104166666666 0.49675925925925923 0.21197916666666666 0.9916666666666667
0 0.27057291666666666 0.5513888888888889 0.0734375 0.3712962962962963
0 0.4466145833333333 0.5273148148148148 0.0984375 0.475
0 0.36171875 0.5708333333333333 0.0953125 0.3990740740740741
0 0.11223958333333334 0.5606481481481481 0.16927083333333334 0.7527777777777778
0 0.7705729166666667 0.4976851851851852 0.04635416666666667 0.21574074074074073
