0 0.8408854166666667 0.5023148148148148 0.0390625 0.17685185185185184
0 0.33619791666666665 0.5449074074074074 0.09635416666666667 0.4842592592592593
0 0.14296875 0.5625 0.14739583333333334 0.6824074074074075
0 0.7940104166666667 0.5106481481481482 0.05364583333333333 0.2824074074074074
0 0.6783854166666666 0.5125 0.04739583333333333 0.175
0 0.9638020833333333 0.4875 0.04114583333333333 0.19166666666666668
0 0.96953125 0.5013888888888889 0.058854166666666666 0.21944444444444444
0 0.7783854166666667 0.5060185185185185 0.05364583333333333 0.22870370370370371
0 0.8158854166666667 0.5041666666666667 0.0515625 0.2324074074074074
0 0.7783854166666667 0.5106481481481482 0.03697916666666667 0.1712962962962963
