0 0.5471354166666667 0.5986111111111111 0.18072916666666666 0.7953703703703704
0 0.7747395833333334 0.48564814814814816 0.07760416666666667 0.30648148148148147
0 0.73359375 0.5152777777777777 0.0453125 0.21388888888888888
0 0.27005208333333336 0.5291666666666667 0.0765625 0.3416666666666667
0 0.7044270833333334 0.5587962962962963 0.034895833333333334 0.14537037037037037
0 0.7028645833333333 0.5263888888888889 0.17552083333333332 0.8842592592592593
0 0.20651041666666667 0.5402777777777777 0.06822916666666666 0.31203703703703706
0 0.14348958333333334 0.5458333333333333 0.10885416666666667 0.5787037037037037
0 0.08307291666666666 0.5939814814814814 0.1046875 0.47129629629629627
0 0.6794270833333333 0.4986111111111111 0.05364583333333333 0.2175925925925926
