0 0.8606770833333334 0.5467592592592593 0.059895833333333336 0.2101851851851852
0 0.7216145833333333 0.5013888888888889 0.058854166666666666 0.2861111111111111
0 0.9049479166666666 0.5773148148148148 0.04635416666666667 0.1935185185185185
0 0.6497395833333334 0.5171296296296296 0.0671875 0.287962962962963
0 0.7658854166666667 0.5106481481481482 0.0640625 0.27870370370370373
0 0.8575520833333333 0.4976851851851852 0.0515625 0.27870370370370373
0 0.8065104166666667 0.5143518518518518 0.04114583333333333 0.22314814814814815
0 0.76171875 0.5060185185185185 0.07239583333333334 0.35833333333333334
0 0.69296875 0.5087962962962963 0.0703125 0.3527777777777778
0 0.76796875 0.5254629629629629 0.08697916666666666 0.3861111111111111
0 0.6346354166666667 0.524537037037037 0.0765625 0.36203703703703705
