0 0.5669270833333333 0.5995370370370371 0.1765625 0.7861111111111111
0 0.7658854166666667 0.48657407407407405 0.07864583333333333 0.31203703703703706
0 0.7325520833333333 0.5152777777777777 0.0453125 0.21388888888888888
0 0.26796875 0.5273148148148148 0.07447916666666667 0.33425925925925926
0 0.7044270833333334 0.5578703703703703 0.034895833333333334 0.14351851851851852
0 0.71640625 0.5291666666666667 0.1671875 0.8675925925925926
0 0.20442708333333334 0.5393518518518519 0.06614583333333333 0.30648148148148147
0 0.11744791666666667 0.5476851851851852 0.10885416666666667 0.5861111111111111
0 0.05859375 0.5958333333333333 0.09947916666666666 0.475
0 0.6716145833333333 0.4986111111111111 0.0546875 0.2175925925925926
