0 0.85078125 0.5023148148148148 0.03802083333333333 0.17685185185185184
0 0.35651041666666666 0.5393518518518519 0.09114583333333333 0.47314814814814815
0 0.20598958333333334 0.5523148148148148 0.13385416666666666 0.6509259259259259
0 0.80703125 0.5078703703703704 0.05260416666666667 0.27685185185185185
0 0.6940104166666666 0.513425925925926 0.04739583333333333 0.17685185185185184
0 0.96796875 0.48657407407407405 0.04114583333333333 0.1935185185185185
0 0.96953125 0.5013888888888889 0.058854166666666666 0.21944444444444444
0 0.75859375 0.5078703703703704 0.0515625 0.2212962962962963
0 0.7955729166666666 0.5050925925925925 0.050520833333333334 0.22685185185185186
0 0.7966145833333333 0.5097222222222222 0.03802083333333333 0.17314814814814813
