0 0.9278645833333333 0.4810185185185185 0.0484375 0.20833333333333334
0 0.8033854166666666 0.5152777777777777 0.04739583333333333 0.25462962962962965
0 0.47630208333333335 0.5236111111111111 0.07239583333333334 0.3675925925925926
0 0.7966145833333333 0.5717592592592593 0.04010416666666667 0.1638888888888889
0 0.6361979166666667 0.5050925925925925 0.050520833333333334 0.21574074074074073
0 0.49244791666666665 0.5421296296296296 0.09427083333333333 0.35648148148148145
0 0.6794270833333333 0.5115740740740741 0.07239583333333334 0.3768518518518518
0 0.6111979166666667 0.5421296296296296 0.0734375 0.31574074074074077
0 0.49765625 0.5217592592592593 0.1296875 0.5342592592592592
0 0.39921875 0.5300925925925926 0.09739583333333333 0.5027777777777778
0 0.28932291666666665 0.5717592592592593 0.14010416666666667 0.5972222222222222
0 0.22526041666666666 0.5587962962962963 0.0828125 0.549074074074074
0 0.90234375 0.4930555555555556 0.043229166666666666 0.2064814814814815
