0 0.9330729166666667 0.48009259259259257 0.04635416666666667 0.2064814814814815
0 0.8065104166666667 0.5162037037037037 0.04739583333333333 0.2564814814814815
0 0.4861979166666667 0.5236111111111111 0.07135416666666666 0.3675925925925926
0 0.8059895833333334 0.5736111111111111 0.04010416666666667 0.1638888888888889
0 0.63828125 0.5050925925925925 0.050520833333333334 0.21574074074074073
0 0.50546875 0.5412037037037037 0.09114583333333333 0.3509259259259259
0 0.6908854166666667 0.5106481481481482 0.0703125 0.3712962962962963
0 0.6247395833333333 0.5402777777777777 0.07135416666666666 0.31203703703703706
0 0.5216145833333333 0.5189814814814815 0.12760416666666666 0.525
0 0.41796875 0.5282407407407408 0.0953125 0.49537037037037035
0 0.31692708333333336 0.5699074074074074 0.13697916666666668 0.5861111111111111
0 0.25078125 0.5578703703703703 0.08385416666666666 0.5398148148148149
0 0.9111979166666667 0.4930555555555556 0.044270833333333336 0.2064814814814815
