0 0.96484375 0.513425925925926 0.0328125 0.3212962962962963
0 0.8721354166666667 0.4976851851851852 0.0453125 0.23055555555555557
0 0.96171875 0.5875 0.049479166666666664 0.2212962962962963
0 0.5950520833333334 0.5282407407407408 0.08072916666666667 0.3990740740740741
0 0.12526041666666668 0.5671296296296297 0.1140625 0.6731481481481482
0 0.9059895833333333 0.49953703703703706 0.050520833333333334 0.21944444444444444
0 0.9684895833333333 0.4837962962962963 0.033854166666666664 0.2212962962962963
0 0.9346354166666667 0.5060185185185185 0.034895833333333334 0.18796296296296297
0 0.8622395833333333 0.49953703703703706 0.0609375 0.27870370370370373
0 0.7731770833333333 0.5013888888888889 0.059895833333333336 0.27870370370370373
0 0.8533854166666667 0.513425925925926 0.06614583333333333 0.27314814814814814
0 0.7903645833333334 0.513425925925926 0.06302083333333333 0.25833333333333336
