0 0.9627604166666667 0.4736111111111111 0.0390625 0.1824074074074074
0 0.8268229166666666 0.5180555555555556 0.0484375 0.2638888888888889
0 0.5580729166666667 0.5171296296296296 0.06510416666666667 0.35462962962962963
0 0.8690104166666667 0.5763888888888888 0.043229166666666666 0.17685185185185184
0 0.65234375 0.5069444444444444 0.0515625 0.22685185185185186
0 0.59921875 0.5300925925925926 0.0703125 0.3175925925925926
0 0.7393229166666667 0.5069444444444444 0.06510416666666667 0.3453703703703704
0 0.68359375 0.5291666666666667 0.06197916666666667 0.27870370370370373
0 0.6169270833333333 0.513425925925926 0.11197916666666667 0.46574074074074073
0 0.5341145833333333 0.5180555555555556 0.0796875 0.44166666666666665
0 0.5091145833333334 0.5541666666666667 0.11302083333333333 0.5101851851851852
0 0.4283854166666667 0.5467592592592593 0.09322916666666667 0.46944444444444444
0 0.95859375 0.4912037037037037 0.0453125 0.19907407407407407
