0 0.17473958333333334 0.5356481481481481 0.17552083333333332 0.9175925925925926
0 0.8596354166666667 0.49398148148148147 0.0640625 0.2490740740740741
0 0.75703125 0.5125 0.04635416666666667 0.22685185185185186
0 0.32838541666666665 0.5347222222222222 0.08697916666666666 0.3787037037037037
0 0.7252604166666666 0.5671296296296297 0.03697916666666667 0.15092592592592594
0 0.48932291666666666 0.4976851851851852 0.21927083333333333 0.9935185185185185
0 0.27682291666666664 0.5513888888888889 0.0734375 0.375
0 0.4591145833333333 0.5263888888888889 0.0984375 0.46944444444444444
0 0.37578125 0.5689814814814815 0.09427083333333333 0.39537037037037037
0 0.12994791666666666 0.5587962962962963 0.1671875 0.7416666666666667
0 0.77578125 0.4976851851851852 0.044270833333333336 0.21574074074074073
