0 0.85390625 0.5458333333333333 0.05677083333333333 0.21203703703703702
0 0.6778645833333333 0.5032407407407408 0.0609375 0.30833333333333335
0 0.91171875 0.5791666666666667 0.04739583333333333 0.1935185185185185
0 0.6559895833333333 0.5171296296296296 0.06302083333333333 0.27314814814814814
0 0.7169270833333333 0.5162037037037037 0.06614583333333333 0.2898148148148148
0 0.82265625 0.500462962962963 0.0546875 0.29907407407407405
0 0.77265625 0.5162037037037037 0.04635416666666667 0.23425925925925925
0 0.7356770833333334 0.5078703703703704 0.08072916666666667 0.38055555555555554
0 0.6606770833333333 0.5106481481481482 0.07239583333333334 0.3787037037037037
0 0.7200520833333334 0.5356481481481481 0.09322916666666667 0.41388888888888886
0 0.5986979166666667 0.5282407407407408 0.0796875 0.38796296296296295
