0 0.39869791666666665 0.5745370370370371 0.2171875 0.8435185185185186
0 0.82578125 0.4912037037037037 0.07135416666666666 0.27314814814814814
0 0.7403645833333333 0.513425925925926 0.044270833333333336 0.2175925925925926
0 0.29765625 0.5347222222222222 0.08385416666666666 0.3675925925925926
0 0.70703125 0.5597222222222222 0.0359375 0.15092592592592594
0 0.6169270833333333 0.5023148148148148 0.2203125 0.9916666666666667
0 0.22161458333333334 0.549537037037037 0.07552083333333333 0.3490740740740741
0 0.3106770833333333 0.5356481481481481 0.10364583333333334 0.5212962962962963
0 0.25546875 0.5837962962962963 0.10364583333333334 0.4324074074074074
0 0.72890625 0.4986111111111111 0.050520833333333334 0.2175925925925926
