0 0.8606770833333334 0.5412037037037037 0.059895833333333336 0.2175925925925926
0 0.7309895833333333 0.5013888888888889 0.058854166666666666 0.2824074074074074
0 0.90390625 0.5773148148148148 0.04635416666666667 0.1935185185185185
0 0.6471354166666666 0.5171296296296296 0.06822916666666666 0.2916666666666667
0 0.7768229166666667 0.5097222222222222 0.06302083333333333 0.27685185185185185
0 0.86640625 0.4976851851851852 0.050520833333333334 0.2712962962962963
0 0.8138020833333334 0.513425925925926 0.04114583333333333 0.2212962962962963
0 0.7669270833333334 0.5050925925925925 0.07239583333333334 0.3527777777777778
0 0.7018229166666666 0.5078703703703704 0.06927083333333334 0.3435185185185185
0 0.7778645833333333 0.5236111111111111 0.0859375 0.3787037037037037
0 0.64453125 0.524537037037037 0.07552083333333333 0.35462962962962963
