0 0.9768229166666667 0.4699074074074074 0.0359375 0.1712962962962963
0 0.83203125 0.5162037037037037 0.050520833333333334 0.2601851851851852
0 0.59140625 0.5143518518518518 0.06510416666666667 0.3416666666666667
0 0.89921875 0.5782407407407407 0.0453125 0.18425925925925926
0 0.65390625 0.5097222222222222 0.0546875 0.23981481481481481
0 0.6325520833333333 0.5263888888888889 0.06822916666666666 0.3101851851851852
0 0.7627604166666667 0.5050925925925925 0.06197916666666667 0.33055555555555555
0 0.7096354166666666 0.5236111111111111 0.05572916666666667 0.2601851851851852
0 0.6580729166666667 0.5125 0.1046875 0.43796296296296294
0 0.5763020833333333 0.5152777777777777 0.0765625 0.425
0 0.5794270833333334 0.5430555555555555 0.1015625 0.47314814814814815
0 0.4940104166666667 0.5412037037037037 0.0890625 0.4398148148148148
