0 0.8606770833333334 0.5486111111111112 0.059895833333333336 0.2064814814814815
0 0.7169270833333333 0.5013888888888889 0.059895833333333336 0.2898148148148148
0 0.9059895833333333 0.5773148148148148 0.04635416666666667 0.1935185185185185
0 0.6502604166666667 0.5171296296296296 0.06614583333333333 0.28425925925925927
0 0.75859375 0.5106481481481482 0.0640625 0.27870370370370373
0 0.8533854166666667 0.4986111111111111 0.0515625 0.28055555555555556
0 0.8018229166666667 0.513425925925926 0.0421875 0.225
0 0.7596354166666667 0.5060185185185185 0.07239583333333334 0.36203703703703705
0 0.6888020833333334 0.5087962962962963 0.0703125 0.35648148148148145
0 0.76328125 0.5273148148148148 0.08802083333333334 0.38981481481481484
0 0.63046875 0.5263888888888889 0.0765625 0.36574074074074076
