0 0.88984375 0.5143518518518518 0.059895833333333336 0.2712962962962963
0 0.81328125 0.5023148148148148 0.050520833333333334 0.24722222222222223
0 0.8950520833333333 0.5810185185185185 0.0453125 0.20092592592592592
0 0.6283854166666667 0.5189814814814815 0.0765625 0.3287037037037037
0 0.8643229166666667 0.5069444444444444 0.050520833333333334 0.2490740740740741
0 0.9356770833333333 0.48935185185185187 0.043229166666666666 0.2324074074074074
0 0.8825520833333333 0.5097222222222222 0.03697916666666667 0.20277777777777778
0 0.8138020833333334 0.500462962962963 0.0703125 0.30277777777777776
0 0.7471354166666667 0.5013888888888889 0.0640625 0.2972222222222222
0 0.7966145833333333 0.5236111111111111 0.07135416666666666 0.3194444444444444
0 0.7299479166666667 0.5180555555555556 0.06927083333333334 0.2935185185185185
