0 0.8580729166666666 0.5513888888888889 0.058854166666666666 0.20092592592592592
0 0.69453125 0.5013888888888889 0.0609375 0.30092592592592593
0 0.9080729166666667 0.5773148148148148 0.04635416666666667 0.1935185185185185
0 0.6544270833333333 0.5171296296296296 0.0640625 0.27685185185185185
0 0.7330729166666666 0.5143518518518518 0.06510416666666667 0.2861111111111111
0 0.8346354166666666 0.500462962962963 0.05364583333333333 0.2916666666666667
0 0.78359375 0.5152777777777777 0.0453125 0.22870370370370371
0 0.7466145833333333 0.5069444444444444 0.07552083333333333 0.375
0 0.6716145833333333 0.5106481481481482 0.07135416666666666 0.3712962962962963
0 0.74453125 0.5337962962962963 0.0921875 0.4027777777777778
0 0.6106770833333334 0.5273148148148148 0.07864583333333333 0.3787037037037037
