0 0.24765625 0.549537037037037 0.20677083333333332 0.8935185185185185
0 0.8533854166666667 0.49398148148148147 0.06614583333333333 0.25277777777777777
0 0.7528645833333333 0.513425925925926 0.04635416666666667 0.225
0 0.3216145833333333 0.5356481481481481 0.0859375 0.3768518518518518
0 0.72109375 0.5652777777777778 0.03697916666666667 0.15092592592592594
0 0.5236979166666667 0.49675925925925923 0.2046875 0.9916666666666667
0 0.2643229166666667 0.5504629629629629 0.0734375 0.36944444444444446
0 0.43463541666666666 0.5291666666666667 0.09947916666666666 0.4824074074074074
0 0.34869791666666666 0.5726851851851852 0.09635416666666667 0.4027777777777778
0 0.09453125 0.5625 0.17135416666666667 0.7638888888888888
0 0.7653645833333333 0.4976851851851852 0.04635416666666667 0.21574074074074073
