0 0.8393229166666667 0.5023148148148148 0.04010416666666667 0.17685185185185184
0 0.33359375 0.5458333333333333 0.09739583333333333 0.4861111111111111
0 0.13255208333333332 0.5634259259259259 0.14947916666666666 0.687962962962963
0 0.7919270833333333 0.5106481481481482 0.05364583333333333 0.2824074074074074
0 0.67578125 0.5125 0.04635416666666667 0.175
0 0.9627604166666667 0.4875 0.04114583333333333 0.19166666666666668
0 0.96953125 0.5013888888888889 0.058854166666666666 0.21944444444444444
0 0.7815104166666667 0.5069444444444444 0.05364583333333333 0.23055555555555557
0 0.81953125 0.5041666666666667 0.05260416666666667 0.2324074074074074
0 0.7752604166666667 0.5106481481481482 0.03697916666666667 0.1712962962962963
