0 0.9033854166666667 0.49212962962962964 0.04114583333333333 0.21944444444444444
0 0.54296875 0.5347222222222222 0.10989583333333333 0.47129629629629627
0 0.63203125 0.5087962962962963 0.03177083333333333 0.1787037037037037
0 0.33307291666666666 0.538425925925926 0.09427083333333333 0.5268518518518519
0 0.9315104166666667 0.4976851851851852 0.03697916666666667 0.20462962962962963
0 0.9596354166666666 0.5032407407407408 0.030729166666666665 0.1712962962962963
0 0.9065104166666667 0.4949074074074074 0.05364583333333333 0.25833333333333336
0 0.8200520833333333 0.4976851851851852 0.05572916666666667 0.2490740740740741
0 0.8934895833333333 0.5078703703703704 0.06302083333333333 0.25462962962962965
0 0.8325520833333333 0.5078703703703704 0.0578125 0.24351851851851852
