0 0.88828125 0.4875 0.05677083333333333 0.2324074074074074
0 0.7752604166666667 0.5125 0.04739583333333333 0.23796296296296296
0 0.3888020833333333 0.5310185185185186 0.08072916666666667 0.375
0 0.75234375 0.5652777777777778 0.0390625 0.15833333333333333
0 0.24036458333333333 0.49675925925925923 0.29010416666666666 0.9916666666666667
0 0.3611979166666667 0.5486111111111112 0.08802083333333334 0.36944444444444446
0 0.5690104166666666 0.5171296296296296 0.09114583333333333 0.4212962962962963
0 0.49609375 0.5550925925925926 0.08489583333333334 0.35648148148148145
0 0.2877604166666667 0.5421296296296296 0.14739583333333334 0.6342592592592593
0 0.21067708333333332 0.5458333333333333 0.11614583333333334 0.5787037037037037
0 0.82578125 0.49675925925925923 0.0421875 0.21388888888888888
