0 0.9684895833333333 0.48657407407407405 0.0296875 0.1787037037037037
0 0.10755208333333334 0.5625 0.1765625 0.8490740740740741
0 0.76953125 0.5050925925925925 0.033854166666666664 0.1787037037037037
0 0.16119791666666666 0.5541666666666667 0.13385416666666666 0.5768518518518518
0 0.68828125 0.5152777777777777 0.06510416666666667 0.3287037037037037
0 0.93046875 0.4912037037037037 0.0453125 0.2064814814814815
0 0.96953125 0.5013888888888889 0.058854166666666666 0.21944444444444444
0 0.9580729166666667 0.49398148148148147 0.0421875 0.20462962962962963
0 0.90390625 0.4986111111111111 0.0546875 0.25833333333333336
0 0.9408854166666667 0.49212962962962964 0.0453125 0.2638888888888889
0 0.69296875 0.5115740740740741 0.034895833333333334 0.16203703703703703
