0 0.9294270833333333 0.4810185185185185 0.04739583333333333 0.20833333333333334
0 0.8044270833333333 0.5152777777777777 0.04739583333333333 0.25462962962962965
0 0.47942708333333334 0.5236111111111111 0.07239583333333334 0.3675925925925926
0 0.7997395833333333 0.5717592592592593 0.04010416666666667 0.1638888888888889
0 0.6372395833333333 0.5050925925925925 0.050520833333333334 0.21574074074074073
0 0.49661458333333336 0.5421296296296296 0.0921875 0.3527777777777778
0 0.6841145833333333 0.5106481481481482 0.07135416666666666 0.375
0 0.6158854166666666 0.5412037037037037 0.07239583333333334 0.3138888888888889
0 0.50546875 0.5199074074074074 0.12864583333333332 0.5305555555555556
0 0.40546875 0.5291666666666667 0.09739583333333333 0.5009259259259259
0 0.2981770833333333 0.5708333333333333 0.1390625 0.5953703703703703
0 0.23359375 0.5587962962962963 0.0828125 0.5453703703703704
0 0.9049479166666666 0.4930555555555556 0.044270833333333336 0.2064814814814815
