0 0.8872395833333333 0.4949074074074074 0.044270833333333336 0.225
0 0.57578125 0.5291666666666667 0.0984375 0.43796296296296294
0 0.24244791666666668 0.5541666666666667 0.12135416666666667 0.5990740740740741
0 0.9190104166666667 0.5013888888888889 0.04114583333333333 0.20833333333333334
0 0.9778645833333334 0.48194444444444445 0.03177083333333333 0.2175925925925926
0 0.9471354166666667 0.5041666666666667 0.0328125 0.18055555555555555
0 0.8830729166666667 0.4976851851851852 0.05677083333333333 0.2675925925925926
0 0.7966145833333333 0.49953703703703706 0.05677083333333333 0.2601851851851852
0 0.8747395833333333 0.5106481481481482 0.06510416666666667 0.2638888888888889
0 0.8106770833333333 0.5106481481481482 0.059895833333333336 0.25277777777777777
