0 0.9674479166666666 0.4875 0.0296875 0.18055555555555555
0 0.11536458333333334 0.5615740740740741 0.17760416666666667 0.8435185185185186
0 0.7669270833333334 0.5050925925925925 0.0328125 0.1787037037037037
0 0.15546875 0.5541666666666667 0.13489583333333333 0.5805555555555556
0 0.6841145833333333 0.5143518518518518 0.06510416666666667 0.33055555555555555
0 0.9294270833333333 0.4912037037037037 0.0453125 0.2064814814814815
0 0.96953125 0.5013888888888889 0.058854166666666666 0.21944444444444444
0 0.95703125 0.49398148148148147 0.0421875 0.20462962962962963
0 0.90859375 0.4986111111111111 0.05364583333333333 0.25833333333333336
0 0.94453125 0.49212962962962964 0.044270833333333336 0.2638888888888889
0 0.6903645833333333 0.5115740740740741 0.033854166666666664 0.16203703703703703
