0 0.9002604166666667 0.4930555555555556 0.04114583333333333 0.2212962962962963
0 0.54921875 0.5337962962962963 0.1078125 0.46574074074074073
0 0.6278645833333333 0.5087962962962963 0.03177083333333333 0.1787037037037037
0 0.31692708333333336 0.5412037037037037 0.09947916666666666 0.5398148148148149
0 0.9294270833333333 0.49953703703703706 0.03697916666666667 0.20462962962962963
0 0.9575520833333333 0.5032407407407408 0.030729166666666665 0.1712962962962963
0 0.90234375 0.49583333333333335 0.05364583333333333 0.2601851851851852
0 0.8158854166666667 0.4976851851851852 0.05572916666666667 0.2490740740740741
0 0.88984375 0.5087962962962963 0.0640625 0.2564814814814815
0 0.8283854166666667 0.5087962962962963 0.0578125 0.24537037037037038
