0 0.8591145833333333 0.5523148148148148 0.058854166666666666 0.19907407407407407
0 0.69765625 0.5013888888888889 0.0609375 0.30092592592592593
0 0.9080729166666667 0.5773148148148148 0.04635416666666667 0.1935185185185185
0 0.65390625 0.5171296296296296 0.06510416666666667 0.28055555555555556
0 0.7361979166666667 0.513425925925926 0.06510416666666667 0.28425925925925927
0 0.83671875 0.49953703703703706 0.05364583333333333 0.2898148148148148
0 0.7861979166666667 0.5152777777777777 0.044270833333333336 0.22870370370370371
0 0.7486979166666666 0.5069444444444444 0.07552083333333333 0.3712962962962963
0 0.6736979166666667 0.5097222222222222 0.07135416666666666 0.36944444444444446
0 0.7466145833333333 0.5328703703703703 0.0921875 0.4009259259259259
0 0.61328125 0.5273148148148148 0.07760416666666667 0.3787037037037037
