0 0.8393229166666667 0.524537037037037 0.05260416666666667 0.24351851851851852
0 0.6216145833333333 0.5106481481481482 0.06302083333333333 0.33055555555555555
0 0.92265625 0.5791666666666667 0.04635416666666667 0.18981481481481483
0 0.6544270833333333 0.5115740740740741 0.0578125 0.25092592592592594
0 0.66171875 0.5226851851851851 0.06822916666666666 0.30277777777777776
0 0.78359375 0.5032407407407408 0.059895833333333336 0.3194444444444444
0 0.7330729166666666 0.5189814814814815 0.05260416666666667 0.24722222222222223
0 0.6955729166666667 0.5106481481481482 0.09635416666666667 0.41203703703703703
0 0.6143229166666667 0.513425925925926 0.07552083333333333 0.4101851851851852
0 0.6278645833333333 0.5402777777777777 0.0984375 0.4527777777777778
0 0.5325520833333334 0.5365740740740741 0.0828125 0.41944444444444445
