0 0.85546875 0.5013888888888889 0.03697916666666667 0.1787037037037037
0 0.36692708333333335 0.538425925925926 0.0890625 0.4675925925925926
0 0.23723958333333334 0.549537037037037 0.1296875 0.6342592592592593
0 0.8138020833333334 0.5060185185185185 0.0515625 0.27314814814814814
0 0.70234375 0.5143518518518518 0.04739583333333333 0.1787037037037037
0 0.9700520833333334 0.48564814814814816 0.04114583333333333 0.19166666666666668
0 0.96953125 0.5013888888888889 0.058854166666666666 0.21944444444444444
0 0.74921875 0.5078703703703704 0.0515625 0.2175925925925926
0 0.7856770833333333 0.5060185185185185 0.049479166666666664 0.225
0 0.8059895833333334 0.5097222222222222 0.03802083333333333 0.17314814814814813
