0 0.89609375 0.49398148148148147 0.043229166666666666 0.22314814814814815
0 0.5580729166666667 0.5319444444444444 0.1046875 0.4583333333333333
0 0.6216145833333333 0.5087962962962963 0.03177083333333333 0.1787037037037037
0 0.29348958333333336 0.5458333333333333 0.10885416666666667 0.5601851851851852
0 0.9263020833333333 0.5013888888888889 0.03697916666666667 0.20462962962962963
0 0.95390625 0.5032407407407408 0.03177083333333333 0.175
0 0.89609375 0.49583333333333335 0.05572916666666667 0.2638888888888889
0 0.8096354166666667 0.4986111111111111 0.05572916666666667 0.25092592592592594
0 0.8846354166666667 0.5097222222222222 0.0640625 0.25833333333333336
0 0.82265625 0.5097222222222222 0.058854166666666666 0.24722222222222223
