0 0.9841145833333333 0.513425925925926 0.025520833333333333 0.33240740740740743
0 0.8830729166666667 0.49583333333333335 0.044270833333333336 0.22685185185185186
0 0.5815104166666667 0.5291666666666667 0.09322916666666667 0.42685185185185187
0 0.20703125 0.5578703703703703 0.11927083333333334 0.6212962962962963
0 0.91484375 0.500462962962963 0.0453125 0.2101851851851852
0 0.9752604166666666 0.48194444444444445 0.0328125 0.2175925925925926
0 0.94296875 0.5050925925925925 0.0328125 0.1824074074074074
0 0.8768229166666667 0.4976851851851852 0.058854166666666666 0.2712962962962963
0 0.78984375 0.500462962962963 0.0578125 0.2657407407407407
0 0.8690104166666667 0.5115740740740741 0.06614583333333333 0.2657407407407407
0 0.8044270833333333 0.5106481481481482 0.06197916666666667 0.25277777777777777
