0 0.95703125 0.48935185185185187 0.03177083333333333 0.18796296296296297
0 0.21588541666666666 0.5625 0.17239583333333333 0.7712962962962963
0 0.74453125 0.5069444444444444 0.03177083333333333 0.1787037037037037
0 0.09401041666666667 0.5597222222222222 0.14114583333333333 0.6101851851851852
0 0.6372395833333333 0.5171296296296296 0.06927083333333334 0.3472222222222222
0 0.9169270833333333 0.49212962962962964 0.04739583333333333 0.21203703703703702
0 0.96953125 0.5013888888888889 0.058854166666666666 0.21944444444444444
0 0.94609375 0.49398148148148147 0.0453125 0.20833333333333334
0 0.95703125 0.49398148148148147 0.0484375 0.2638888888888889
0 0.9830729166666666 0.48842592592592593 0.033854166666666664 0.2712962962962963
0 0.6643229166666667 0.5125 0.033854166666666664 0.16018518518518518
