0 0.41432291666666665 0.5773148148148148 0.21302083333333333 0.8379629629629629
0 0.8221354166666667 0.48935185185185187 0.07239583333333334 0.27685185185185185
0 0.73984375 0.513425925925926 0.0453125 0.2175925925925926
0 0.29401041666666666 0.5347222222222222 0.0828125 0.3638888888888889
0 0.7059895833333333 0.5587962962962963 0.0359375 0.14907407407407408
0 0.62578125 0.5041666666666667 0.21510416666666668 0.9805555555555555
0 0.21848958333333332 0.549537037037037 0.07552083333333333 0.3453703703703704
0 0.29296875 0.5375 0.10364583333333334 0.5287037037037037
0 0.24244791666666668 0.586574074074074 0.1046875 0.43796296296296294
0 0.7236979166666667 0.4986111111111111 0.050520833333333334 0.2175925925925926
