0 0.8533854166666667 0.5023148148148148 0.03697916666666667 0.17685185185185184
0 0.36380208333333336 0.5375 0.0890625 0.46944444444444444
0 0.22786458333333334 0.5504629629629629 0.1296875 0.6398148148148148
0 0.8111979166666666 0.5069444444444444 0.05260416666666667 0.275
0 0.69921875 0.513425925925926 0.04739583333333333 0.17685185185185184
0 0.9690104166666667 0.48564814814814816 0.04114583333333333 0.19166666666666668
0 0.96953125 0.5013888888888889 0.058854166666666666 0.21944444444444444
0 0.75234375 0.5087962962962963 0.0515625 0.21944444444444444
0 0.7888020833333333 0.5060185185185185 0.049479166666666664 0.225
0 0.8028645833333333 0.5097222222222222 0.03802083333333333 0.17314814814814813
