0 0.9091145833333333 0.5143518518518518 0.05260416666666667 0.2861111111111111
0 0.8294270833333334 0.500462962962963 0.049479166666666664 0.24351851851851852
0 0.8986979166666667 0.5847222222222223 0.04635416666666667 0.19722222222222222
0 0.6221354166666667 0.524537037037037 0.08072916666666667 0.3509259259259259
0 0.8752604166666667 0.5060185185185185 0.0515625 0.24351851851851852
0 0.9450520833333333 0.4875 0.04114583333333333 0.22870370370370371
0 0.89609375 0.5078703703703704 0.03697916666666667 0.19907407407407407
0 0.8263020833333333 0.500462962962963 0.06822916666666666 0.2953703703703704
0 0.7518229166666667 0.49953703703703706 0.06302083333333333 0.2898148148148148
0 0.8049479166666667 0.5199074074074074 0.06927083333333334 0.30833333333333335
0 0.7471354166666667 0.5171296296296296 0.06822916666666666 0.28055555555555556
