0 0.9856770833333334 0.4828703703703704 0.0265625 0.1675925925925926
0 0.82265625 0.5041666666666667 0.03802083333333333 0.17685185185185184
0 0.29765625 0.5467592592592593 0.10677083333333333 0.5064814814814815
0 0.06588541666666667 0.5763888888888888 0.13072916666666667 0.7324074074074074
0 0.7684895833333333 0.5115740740740741 0.05677083333333333 0.2953703703703704
0 0.6549479166666666 0.5115740740740741 0.04635416666666667 0.17314814814814813
0 0.95703125 0.48842592592592593 0.0421875 0.1935185185185185
0 0.96953125 0.5013888888888889 0.058854166666666666 0.21944444444444444
0 0.97734375 0.4949074074074074 0.034895833333333334 0.19166666666666668
0 0.8075520833333333 0.5060185185185185 0.05572916666666667 0.23981481481481481
0 0.84609375 0.5023148148148148 0.05572916666666667 0.23981481481481481
0 0.7513020833333334 0.5106481481481482 0.03697916666666667 0.1675925925925926
