0 0.88671875 0.5143518518518518 0.059895833333333336 0.2712962962962963
0 0.8111979166666666 0.5023148148148148 0.050520833333333334 0.24722222222222223
0 0.89453125 0.5800925925925926 0.044270833333333336 0.20277777777777778
0 0.6294270833333333 0.5180555555555556 0.0765625 0.32685185185185184
0 0.8627604166666667 0.5069444444444444 0.0515625 0.2490740740740741
0 0.9341145833333333 0.48935185185185187 0.0421875 0.2324074074074074
0 0.88046875 0.5087962962962963 0.03697916666666667 0.20462962962962963
0 0.81171875 0.500462962962963 0.0703125 0.30277777777777776
0 0.74609375 0.5013888888888889 0.0640625 0.2972222222222222
0 0.7955729166666666 0.5226851851851851 0.07135416666666666 0.3212962962962963
0 0.7278645833333334 0.5189814814814815 0.06927083333333334 0.2953703703703704
