0 0.90078125 0.5143518518518518 0.0546875 0.27870370370370373
0 0.82265625 0.5013888888888889 0.050520833333333334 0.24537037037037038
0 0.8971354166666666 0.5837962962962963 0.0453125 0.19907407407407407
0 0.6247395833333333 0.5217592592592593 0.0796875 0.3416666666666667
0 0.8705729166666667 0.5060185185185185 0.050520833333333334 0.24722222222222223
0 0.9408854166666667 0.48842592592592593 0.04114583333333333 0.23055555555555557
0 0.88984375 0.5087962962962963 0.03697916666666667 0.20092592592592592
0 0.8205729166666667 0.500462962962963 0.06927083333333334 0.29907407407407405
0 0.7497395833333333 0.5013888888888889 0.06302083333333333 0.2935185185185185
0 0.8013020833333333 0.5208333333333334 0.0703125 0.3138888888888889
0 0.73984375 0.5171296296296296 0.06822916666666666 0.287962962962963
