0 0.8736979166666666 0.49027777777777776 0.0609375 0.24166666666666667
0 0.7658854166666667 0.5125 0.04739583333333333 0.23425925925925925
0 0.3580729166666667 0.5328703703703703 0.08385416666666666 0.3787037037037037
0 0.73828125 0.5671296296296297 0.03802083333333333 0.15462962962962962
0 0.39401041666666664 0.49953703703703706 0.2703125 0.9972222222222222
0 0.31796875 0.5504629629629629 0.08072916666666667 0.3731481481481482
0 0.5158854166666667 0.5217592592592593 0.0953125 0.44537037037037036
0 0.4356770833333333 0.5615740740740741 0.0890625 0.3768518518518518
0 0.20911458333333333 0.5504629629629629 0.15677083333333333 0.687962962962963
0 0.13098958333333333 0.5532407407407407 0.12135416666666667 0.6083333333333333
0 0.79921875 0.4976851851851852 0.043229166666666666 0.21574074074074073
