0 0.86015625 0.5532407407407407 0.058854166666666666 0.19722222222222222
0 0.70078125 0.500462962962963 0.0609375 0.29907407407407405
0 0.90703125 0.5773148148148148 0.04635416666666667 0.1935185185185185
0 0.65390625 0.5171296296296296 0.06510416666666667 0.28055555555555556
0 0.7393229166666667 0.513425925925926 0.06510416666666667 0.28425925925925927
0 0.8393229166666667 0.49953703703703706 0.05260416666666667 0.2898148148148148
0 0.78828125 0.5152777777777777 0.044270833333333336 0.22870370370370371
0 0.75078125 0.5069444444444444 0.0734375 0.3712962962962963
0 0.67578125 0.5097222222222222 0.07135416666666666 0.36574074074074076
0 0.74921875 0.5319444444444444 0.09114583333333333 0.3990740740740741
0 0.6153645833333333 0.5263888888888889 0.07760416666666667 0.3768518518518518
