0 0.49244791666666665 0.5893518518518519 0.19427083333333334 0.8138888888888889
0 0.7971354166666667 0.48564814814814816 0.0765625 0.2953703703703704
0 0.7361979166666667 0.5143518518518518 0.044270833333333336 0.21574074074074073
0 0.27734375 0.5347222222222222 0.08072916666666667 0.35648148148148145
0 0.70546875 0.5578703703703703 0.034895833333333334 0.14722222222222223
0 0.67109375 0.5171296296296296 0.19114583333333332 0.925
0 0.21119791666666668 0.5439814814814815 0.07135416666666666 0.32685185185185184
0 0.20494791666666667 0.5421296296296296 0.10677083333333333 0.5564814814814815
0 0.14869791666666668 0.5902777777777778 0.1046875 0.4564814814814815
0 0.69765625 0.4986111111111111 0.05260416666666667 0.2175925925925926
