0 0.96171875 0.4875 0.030729166666666665 0.18425925925925926
0 0.16171875 0.5615740740740741 0.19114583333333332 0.8027777777777778
0 0.7549479166666667 0.5069444444444444 0.03177083333333333 0.1787037037037037
0 0.12161458333333333 0.5569444444444445 0.13802083333333334 0.5972222222222222
0 0.6580729166666667 0.5152777777777777 0.0671875 0.3398148148148148
0 0.92265625 0.49212962962962964 0.04635416666666667 0.20833333333333334
0 0.96953125 0.5013888888888889 0.058854166666666666 0.21944444444444444
0 0.95234375 0.4930555555555556 0.043229166666666666 0.2064814814814815
0 0.9346354166666667 0.49583333333333335 0.0515625 0.2601851851851852
0 0.96796875 0.48935185185185187 0.04114583333333333 0.26944444444444443
0 0.6763020833333333 0.5115740740740741 0.034895833333333334 0.16203703703703703
