0 0.12005208333333334 0.5254629629629629 0.15364583333333334 0.937962962962963
0 0.8643229166666667 0.49212962962962964 0.06302083333333333 0.24537037037037038
0 0.76015625 0.5125 0.04635416666666667 0.23055555555555557
0 0.3372395833333333 0.5337962962962963 0.0859375 0.38055555555555554
0 0.72890625 0.5680555555555555 0.03802083333333333 0.1527777777777778
0 0.4627604166666667 0.4976851851851852 0.23072916666666668 0.9935185185185185
0 0.28932291666666665 0.5513888888888889 0.07552083333333333 0.375
0 0.4783854166666667 0.524537037037037 0.09739583333333333 0.462037037037037
0 0.39557291666666666 0.5671296296296297 0.0921875 0.38796296296296295
0 0.15651041666666668 0.5560185185185185 0.1640625 0.725
0 0.061197916666666664 0.5486111111111112 0.10260416666666666 0.6657407407407407
0 0.78359375 0.4976851851851852 0.043229166666666666 0.21574074074074073
