0 0.9815104166666667 0.4699074074074074 0.034895833333333334 0.1675925925925926
0 0.8341145833333333 0.5180555555555556 0.050520833333333334 0.2564814814814815
0 0.6013020833333333 0.5125 0.0640625 0.33796296296296297
0 0.9080729166666667 0.5773148148148148 0.04635416666666667 0.18611111111111112
0 0.6533854166666667 0.5115740740740741 0.05572916666666667 0.24351851851851852
0 0.6419270833333334 0.524537037037037 0.06822916666666666 0.30648148148148147
0 0.76953125 0.5050925925925925 0.0609375 0.32685185185185184
0 0.7174479166666666 0.5217592592592593 0.0546875 0.2564814814814815
0 0.67109375 0.5115740740740741 0.1015625 0.4287037037037037
0 0.5888020833333333 0.5152777777777777 0.0765625 0.4212962962962963
0 0.5955729166666667 0.5412037037037037 0.10052083333333334 0.46574074074074073
0 0.5075520833333333 0.5402777777777777 0.08489583333333334 0.4305555555555556
