0 0.9794270833333333 0.4689814814814815 0.034895833333333334 0.16944444444444445
0 0.8330729166666667 0.5171296296296296 0.050520833333333334 0.25833333333333336
0 0.5981770833333333 0.5125 0.0640625 0.33796296296296297
0 0.90546875 0.5773148148148148 0.0453125 0.18611111111111112
0 0.6533854166666667 0.5106481481481482 0.05572916666666667 0.24166666666666667
0 0.6388020833333333 0.5254629629629629 0.06822916666666666 0.30833333333333335
0 0.7674479166666667 0.5041666666666667 0.0609375 0.3287037037037037
0 0.71484375 0.5226851851851851 0.05572916666666667 0.25833333333333336
0 0.66640625 0.5115740740740741 0.10260416666666666 0.4324074074074074
0 0.5846354166666666 0.5152777777777777 0.0765625 0.4212962962962963
0 0.58984375 0.5412037037037037 0.1015625 0.46944444444444444
0 0.5028645833333333 0.5402777777777777 0.0859375 0.43425925925925923
