0 0.9705729166666667 0.513425925925926 0.0296875 0.325
0 0.8752604166666667 0.49675925925925923 0.0453125 0.22870370370370371
0 0.97109375 0.5902777777777778 0.04739583333333333 0.22314814814814815
0 0.5908854166666667 0.5282407407407408 0.08489583333333334 0.4064814814814815
0 0.14869791666666668 0.5652777777777778 0.11510416666666666 0.6583333333333333
0 0.90859375 0.4976851851851852 0.049479166666666664 0.21574074074074073
0 0.9705729166666667 0.4828703703703704 0.033854166666666664 0.21944444444444444
0 0.93671875 0.5060185185185185 0.034895833333333334 0.18796296296296297
0 0.8658854166666666 0.49953703703703706 0.059895833333333336 0.275
0 0.7778645833333333 0.5013888888888889 0.058854166666666666 0.275
0 0.8596354166666667 0.5125 0.06614583333333333 0.2712962962962963
0 0.79453125 0.5125 0.06302083333333333 0.2564814814814815
