0 0.8596354166666667 0.5199074074074074 0.06197916666666667 0.25277777777777777
0 0.76953125 0.5032407407407408 0.0546875 0.2601851851851852
0 0.8981770833333333 0.5782407407407407 0.04739583333333333 0.19907407407407407
0 0.6393229166666666 0.5171296296296296 0.07135416666666666 0.30648148148148147
0 0.8221354166666667 0.5087962962962963 0.05572916666666667 0.2638888888888889
0 0.9033854166666667 0.4930555555555556 0.04739583333333333 0.24722222222222223
0 0.8450520833333334 0.5115740740740741 0.0390625 0.21388888888888888
0 0.78515625 0.5032407407407408 0.0734375 0.32685185185185184
0 0.7341145833333333 0.5060185185185185 0.0671875 0.3138888888888889
0 0.7861979166666667 0.5226851851851851 0.0796875 0.3509259259259259
0 0.68359375 0.5217592592592593 0.07239583333333334 0.32685185185185184
