0 0.9763020833333333 0.513425925925926 0.028645833333333332 0.3287037037037037
0 0.8783854166666667 0.49675925925925923 0.0453125 0.22870370370370371
0 0.5872395833333334 0.5291666666666667 0.08802083333333334 0.41574074074074074
0 0.17161458333333332 0.5615740740740741 0.1171875 0.6435185185185185
0 0.9111979166666667 0.4986111111111111 0.0484375 0.21388888888888888
0 0.9721354166666667 0.4828703703703704 0.0328125 0.21944444444444444
0 0.9393229166666667 0.5050925925925925 0.033854166666666664 0.18611111111111112
0 0.8700520833333333 0.4986111111111111 0.059895833333333336 0.27314814814814814
0 0.7830729166666667 0.5013888888888889 0.058854166666666666 0.2712962962962963
0 0.8638020833333333 0.5125 0.06614583333333333 0.2675925925925926
0 0.7981770833333334 0.5115740740740741 0.06197916666666667 0.25462962962962965
