0 0.46119791666666665 0.5847222222222223 0.20260416666666667 0.8231481481481482
0 0.80859375 0.48564814814814816 0.07447916666666667 0.287962962962963
0 0.7377604166666667 0.5143518518518518 0.0453125 0.21574074074074073
0 0.28359375 0.5347222222222222 0.0828125 0.36018518518518516
0 0.7059895833333333 0.5587962962962963 0.0359375 0.14907407407407408
0 0.6528645833333333 0.5115740740740741 0.20052083333333334 0.9472222222222222
0 0.21380208333333334 0.5458333333333333 0.07239583333333334 0.33425925925925926
0 0.24036458333333333 0.5402777777777777 0.1046875 0.5453703703703704
0 0.18619791666666666 0.5884259259259259 0.1046875 0.44907407407407407
0 0.7080729166666667 0.4986111111111111 0.05260416666666667 0.2175925925925926
