0 0.85234375 0.5430555555555555 0.05572916666666667 0.21388888888888888
0 0.67109375 0.5041666666666667 0.06197916666666667 0.3101851851851852
0 0.9127604166666666 0.5791666666666667 0.04739583333333333 0.1935185185185185
0 0.6559895833333333 0.5162037037037037 0.06302083333333333 0.2712962962962963
0 0.71015625 0.5171296296296296 0.06510416666666667 0.2916666666666667
0 0.8184895833333333 0.5013888888888889 0.0546875 0.30092592592592593
0 0.76796875 0.5162037037037037 0.04739583333333333 0.23425925925925925
0 0.7315104166666667 0.5078703703703704 0.0828125 0.38425925925925924
0 0.6565104166666667 0.5115740740740741 0.07239583333333334 0.38425925925925924
0 0.7091145833333333 0.5356481481481481 0.09427083333333333 0.41759259259259257
0 0.5924479166666666 0.5282407407407408 0.0796875 0.39166666666666666
