0 0.8986979166666667 0.4930555555555556 0.0421875 0.2212962962962963
0 0.5518229166666667 0.5328703703703703 0.10677083333333333 0.4638888888888889
0 0.62578125 0.5087962962962963 0.03177083333333333 0.1787037037037037
0 0.30911458333333336 0.5421296296296296 0.10260416666666666 0.5453703703703704
0 0.9283854166666666 0.49953703703703706 0.03697916666666667 0.20462962962962963
0 0.9565104166666667 0.5032407407407408 0.030729166666666665 0.1712962962962963
0 0.9002604166666667 0.4949074074074074 0.05572916666666667 0.262037037037037
0 0.8138020833333334 0.4986111111111111 0.05572916666666667 0.25092592592592594
0 0.88828125 0.5087962962962963 0.06510416666666667 0.2564814814814815
0 0.8268229166666666 0.5087962962962963 0.058854166666666666 0.24537037037037038
