0 0.8596354166666667 0.5143518518518518 0.06197916666666667 0.2638888888888889
0 0.7815104166666667 0.5041666666666667 0.05364583333333333 0.25462962962962965
0 0.8966145833333333 0.5782407407407407 0.04635416666666667 0.19907407407407407
0 0.63671875 0.5171296296296296 0.07239583333333334 0.3101851851851852
0 0.8361979166666667 0.5087962962962963 0.05260416666666667 0.2601851851851852
0 0.9143229166666667 0.4930555555555556 0.04635416666666667 0.23981481481481481
0 0.8549479166666667 0.5106481481481482 0.03802083333333333 0.21203703703703702
0 0.79140625 0.5023148148148148 0.0734375 0.3175925925925926
0 0.7377604166666667 0.5041666666666667 0.06614583333333333 0.3101851851851852
0 0.7888020833333333 0.5226851851851851 0.0765625 0.3435185185185185
0 0.6955729166666667 0.5208333333333334 0.07135416666666666 0.3175925925925926
