0 0.9481770833333333 0.513425925925926 0.0390625 0.3101851851851852
0 0.8611979166666667 0.4976851851851852 0.04635416666666667 0.23425925925925925
0 0.9341145833333333 0.5819444444444445 0.05260416666666667 0.21388888888888888
0 0.6065104166666667 0.5310185185185186 0.0828125 0.3861111111111111
0 0.05546875 0.5763888888888888 0.10989583333333333 0.7175925925925926
0 0.89765625 0.5041666666666667 0.05260416666666667 0.2324074074074074
0 0.96328125 0.4847222222222222 0.0359375 0.22314814814814815
0 0.9231770833333334 0.5069444444444444 0.034895833333333334 0.1935185185185185
0 0.8513020833333333 0.49953703703703706 0.0640625 0.2824074074074074
0 0.7611979166666667 0.5023148148148148 0.0609375 0.287962962962963
0 0.83515625 0.5152777777777777 0.0671875 0.28425925925925927
0 0.7783854166666667 0.5143518518518518 0.0640625 0.2638888888888889
