0 0.87890625 0.5143518518518518 0.06302083333333333 0.2638888888888889
0 0.8044270833333333 0.5023148148148148 0.0515625 0.25092592592592594
0 0.89453125 0.5791666666666667 0.044270833333333336 0.20092592592592592
0 0.6315104166666666 0.5171296296296296 0.07447916666666667 0.3212962962962963
0 0.8580729166666666 0.5069444444444444 0.050520833333333334 0.25277777777777777
0 0.9299479166666667 0.49027777777777776 0.044270833333333336 0.23425925925925925
0 0.8747395833333333 0.5097222222222222 0.03802083333333333 0.2064814814814815
0 0.8059895833333334 0.5013888888888889 0.07135416666666666 0.30462962962962964
0 0.74453125 0.5032407407407408 0.06510416666666667 0.30092592592592593
0 0.7940104166666667 0.5226851851851851 0.07239583333333334 0.325
0 0.7200520833333334 0.5180555555555556 0.0703125 0.30092592592592593
