0 0.8596354166666667 0.5217592592592593 0.06197916666666667 0.2490740740740741
0 0.7674479166666667 0.5041666666666667 0.0546875 0.262037037037037
0 0.8981770833333333 0.5782407407407407 0.04739583333333333 0.19907407407407407
0 0.6393229166666666 0.5171296296296296 0.07135416666666666 0.30648148148148147
0 0.8190104166666666 0.5087962962962963 0.05572916666666667 0.2638888888888889
0 0.90078125 0.49398148148148147 0.0484375 0.2490740740740741
0 0.84296875 0.5115740740740741 0.0390625 0.21388888888888888
0 0.7841145833333333 0.5032407407407408 0.0734375 0.32685185185185184
0 0.7341145833333333 0.5069444444444444 0.0671875 0.31574074074074077
0 0.78515625 0.5226851851851851 0.0796875 0.35462962962962963
0 0.6815104166666667 0.5226851851851851 0.07239583333333334 0.3287037037037037
