0 0.8403645833333333 0.5263888888888889 0.05260416666666667 0.24351851851851852
0 0.6247395833333333 0.5097222222222222 0.06302083333333333 0.3287037037037037
0 0.9216145833333333 0.5791666666666667 0.04635416666666667 0.18981481481481483
0 0.6544270833333333 0.5125 0.0578125 0.25277777777777777
0 0.6653645833333334 0.5226851851851851 0.0671875 0.30277777777777776
0 0.7861979166666667 0.5032407407407408 0.058854166666666666 0.3194444444444444
0 0.7356770833333334 0.5180555555555556 0.0515625 0.24537037037037038
0 0.6997395833333333 0.5106481481481482 0.09635416666666667 0.4083333333333333
0 0.6184895833333334 0.513425925925926 0.07552083333333333 0.4101851851851852
0 0.6330729166666667 0.5393518518518519 0.0984375 0.45092592592592595
0 0.5361979166666667 0.5365740740740741 0.08177083333333333 0.41574074074074074
