0 0.9815104166666667 0.47175925925925927 0.034895833333333334 0.1675925925925926
0 0.8356770833333333 0.5199074074074074 0.0515625 0.25277777777777777
0 0.6080729166666666 0.5115740740740741 0.06302083333333333 0.33611111111111114
0 0.9143229166666667 0.5782407407407407 0.04635416666666667 0.18796296296296297
0 0.65390625 0.5115740740740741 0.05677083333333333 0.24722222222222223
0 0.6486979166666667 0.524537037037037 0.0671875 0.30648148148148147
0 0.77421875 0.5041666666666667 0.059895833333333336 0.325
0 0.72265625 0.5217592592592593 0.0546875 0.25277777777777777
0 0.67890625 0.5115740740740741 0.10052083333333334 0.425
0 0.5971354166666667 0.5152777777777777 0.0765625 0.41759259259259257
0 0.6059895833333333 0.5412037037037037 0.10052083333333334 0.462037037037037
0 0.5169270833333334 0.5393518518518519 0.0828125 0.425
