0 0.95546875 0.48935185185185187 0.0328125 0.18796296296296297
0 0.23723958333333334 0.5615740740740741 0.16510416666666666 0.7583333333333333
0 0.7403645833333333 0.5069444444444444 0.03177083333333333 0.1787037037037037
0 0.08307291666666666 0.5606481481481481 0.1421875 0.6157407407407407
0 0.62890625 0.5171296296296296 0.06927083333333334 0.3509259259259259
0 0.91484375 0.4930555555555556 0.04739583333333333 0.21388888888888888
0 0.96953125 0.5013888888888889 0.058854166666666666 0.21944444444444444
0 0.9419270833333333 0.4949074074074074 0.0453125 0.2101851851851852
0 0.9658854166666667 0.4930555555555556 0.04739583333333333 0.2657407407407407
0 0.66015625 0.5125 0.033854166666666664 0.16018518518518518
