0 0.86015625 0.5273148148148148 0.0609375 0.24166666666666667
0 0.7575520833333333 0.5032407407407408 0.05572916666666667 0.2675925925925926
0 0.89921875 0.5782407407407407 0.04739583333333333 0.19537037037037036
0 0.6419270833333334 0.5171296296296296 0.0703125 0.30277777777777776
0 0.8080729166666667 0.5087962962962963 0.05677083333333333 0.2675925925925926
0 0.89140625 0.4949074074074074 0.0484375 0.25462962962962965
0 0.83515625 0.5125 0.04010416666666667 0.21574074074074073
0 0.7794270833333333 0.5032407407407408 0.07239583333333334 0.33425925925925926
0 0.7252604166666666 0.5069444444444444 0.06822916666666666 0.32314814814814813
0 0.7830729166666667 0.5226851851851851 0.08177083333333333 0.35833333333333334
0 0.6716145833333333 0.5226851851851851 0.0734375 0.33611111111111114
