0 0.9481770833333333 0.4773148148148148 0.043229166666666666 0.19722222222222222
0 0.81796875 0.5189814814814815 0.04739583333333333 0.262037037037037
0 0.52109375 0.5217592592592593 0.06822916666666666 0.3638888888888889
0 0.8356770833333333 0.5763888888888888 0.04114583333333333 0.16944444444444445
0 0.6455729166666667 0.5060185185185185 0.050520833333333334 0.2212962962962963
0 0.5502604166666667 0.5365740740740741 0.08072916666666667 0.33425925925925926
0 0.7138020833333333 0.5087962962962963 0.06822916666666666 0.36018518518518516
0 0.6549479166666666 0.5356481481481481 0.0671875 0.2953703703703704
0 0.57109375 0.5162037037037037 0.1203125 0.49722222222222223
0 0.47890625 0.5226851851851851 0.0859375 0.46574074074074073
0 0.4080729166666667 0.5615740740740741 0.12552083333333333 0.5509259259259259
0 0.33515625 0.5523148148148148 0.08802083333333334 0.5064814814814815
0 0.9393229166666667 0.49212962962962964 0.044270833333333336 0.20092592592592592
