0 0.8705729166666667 0.4912037037037037 0.0609375 0.24351851851851852
0 0.7638020833333333 0.5125 0.04739583333333333 0.23055555555555557
0 0.35130208333333335 0.5328703703703703 0.08489583333333334 0.3787037037037037
0 0.73515625 0.5671296296296297 0.03802083333333333 0.15462962962962962
0 0.41953125 0.4986111111111111 0.2546875 0.9953703703703703
0 0.30859375 0.5504629629629629 0.07864583333333333 0.3731481481481482
0 0.5033854166666667 0.5226851851851851 0.0953125 0.45092592592592595
0 0.42213541666666665 0.5634259259259259 0.09114583333333333 0.38055555555555554
0 0.19140625 0.5523148148148148 0.15885416666666666 0.6990740740740741
0 0.10703125 0.5513888888888889 0.11510416666666666 0.6268518518518519
0 0.7940104166666667 0.4976851851851852 0.043229166666666666 0.21574074074074073
