0 0.8643229166666667 0.500462962962963 0.0359375 0.17685185185185184
0 0.38723958333333336 0.5328703703703703 0.08385416666666666 0.4564814814814815
0 0.29713541666666665 0.5476851851851852 0.13072916666666667 0.6046296296296296
0 0.8263020833333333 0.5032407407407408 0.049479166666666664 0.2675925925925926
0 0.7216145833333333 0.5143518518518518 0.0484375 0.1787037037037037
0 0.9747395833333333 0.48564814814814816 0.04010416666666667 0.19166666666666668
0 0.96953125 0.5013888888888889 0.058854166666666666 0.21944444444444444
0 0.7294270833333333 0.5087962962962963 0.049479166666666664 0.21203703703703702
0 0.7658854166666667 0.5069444444444444 0.04739583333333333 0.21944444444444444
0 0.82421875 0.5087962962962963 0.0390625 0.175
