0 0.28411458333333334 0.5560185185185185 0.22135416666666666 0.8805555555555555
0 0.8497395833333333 0.4949074074074074 0.0671875 0.25462962962962965
0 0.75078125 0.513425925925926 0.04635416666666667 0.225
0 0.31796875 0.5347222222222222 0.08489583333333334 0.375
0 0.7190104166666667 0.5652777777777778 0.03697916666666667 0.15092592592592594
0 0.53828125 0.4976851851851852 0.20052083333333334 0.9898148148148148
0 0.25859375 0.5504629629629629 0.07447916666666667 0.36574074074074076
0 0.41640625 0.5300925925925926 0.10052083333333334 0.487962962962963
0 0.33567708333333335 0.5736111111111111 0.09739583333333333 0.4083333333333333
0 0.76015625 0.4976851851851852 0.04635416666666667 0.21574074074074073
