0 0.13828125 0.5291666666666667 0.1609375 0.9305555555555556
0 0.8627604166666667 0.4930555555555556 0.0640625 0.24722222222222223
0 0.7591145833333334 0.5125 0.04635416666666667 0.23055555555555557
0 0.33359375 0.5337962962962963 0.08697916666666666 0.38055555555555554
0 0.72734375 0.5680555555555555 0.03697916666666667 0.1527777777777778
0 0.47109375 0.4976851851851852 0.2265625 0.9935185185185185
0 0.28463541666666664 0.5513888888888889 0.07447916666666667 0.375
0 0.47213541666666664 0.5254629629629629 0.09739583333333333 0.4638888888888889
0 0.3888020833333333 0.5671296296296297 0.09322916666666667 0.39166666666666666
0 0.14765625 0.5569444444444445 0.16510416666666666 0.7305555555555555
0 0.05026041666666667 0.549537037037037 0.09947916666666666 0.675
0 0.7809895833333333 0.4976851851851852 0.044270833333333336 0.21574074074074073
