0 0.94921875 0.47638888888888886 0.043229166666666666 0.19537037037037036
0 0.8190104166666666 0.5189814814814815 0.04739583333333333 0.262037037037037
0 0.5247395833333334 0.5208333333333334 0.0671875 0.36203703703703705
0 0.83828125 0.5763888888888888 0.0421875 0.16944444444444445
0 0.6466145833333333 0.5060185185185185 0.050520833333333334 0.2212962962962963
0 0.5544270833333333 0.5356481481481481 0.08072916666666667 0.33240740740740743
0 0.71640625 0.5087962962962963 0.0671875 0.35648148148148145
0 0.6575520833333334 0.5347222222222222 0.06614583333333333 0.2935185185185185
0 0.5752604166666667 0.5162037037037037 0.1203125 0.4935185185185185
0 0.48463541666666665 0.5226851851851851 0.08489583333333334 0.462037037037037
0 0.41692708333333334 0.5615740740740741 0.12447916666666667 0.5472222222222223
0 0.34401041666666665 0.5523148148148148 0.0890625 0.5027777777777778
0 0.9408854166666667 0.49212962962962964 0.0453125 0.20092592592592592
