0 0.89453125 0.49398148148148147 0.0421875 0.22314814814814815
0 0.56171875 0.5319444444444444 0.10364583333333334 0.4546296296296296
0 0.6205729166666667 0.5106481481481482 0.03177083333333333 0.1787037037037037
0 0.28515625 0.5467592592592593 0.1109375 0.5657407407407408
0 0.9252604166666667 0.5023148148148148 0.03697916666666667 0.20277777777777778
0 0.9825520833333333 0.4810185185185185 0.030729166666666665 0.21574074074074073
0 0.9528645833333333 0.5032407407407408 0.03177083333333333 0.175
0 0.8940104166666667 0.49583333333333335 0.05572916666666667 0.2638888888888889
0 0.8075520833333333 0.4986111111111111 0.05572916666666667 0.25092592592592594
0 0.8830729166666667 0.5097222222222222 0.06510416666666667 0.25833333333333336
0 0.8205729166666667 0.5097222222222222 0.058854166666666666 0.24722222222222223
