0 0.8440104166666667 0.5310185185185186 0.05364583333333333 0.23425925925925925
0 0.63828125 0.5087962962962963 0.06302083333333333 0.32314814814814813
0 0.9190104166666667 0.5800925925925926 0.04739583333333333 0.19166666666666668
0 0.6549479166666666 0.513425925925926 0.058854166666666666 0.25833333333333336
0 0.6778645833333333 0.5208333333333334 0.0671875 0.29907407407407405
0 0.7950520833333333 0.5023148148148148 0.0578125 0.3138888888888889
0 0.7455729166666667 0.5180555555555556 0.050520833333333334 0.24166666666666667
0 0.71015625 0.5106481481481482 0.0921875 0.4009259259259259
0 0.6356770833333333 0.513425925925926 0.07447916666666667 0.4027777777777778
0 0.6549479166666666 0.538425925925926 0.09635416666666667 0.44166666666666665
0 0.55234375 0.5337962962962963 0.08072916666666667 0.4101851851851852
