0 0.8455729166666667 0.5328703703703703 0.0546875 0.23055555555555557
0 0.64453125 0.5078703703703704 0.06302083333333333 0.3212962962962963
0 0.91796875 0.5800925925925926 0.04739583333333333 0.19166666666666668
0 0.6549479166666666 0.5143518518518518 0.0609375 0.2601851851851852
0 0.6846354166666667 0.5199074074074074 0.06614583333333333 0.2972222222222222
0 0.7997395833333333 0.5023148148148148 0.05677083333333333 0.3101851851851852
0 0.7497395833333333 0.5171296296296296 0.050520833333333334 0.23981481481481481
0 0.7143229166666667 0.5097222222222222 0.09010416666666667 0.3990740740740741
0 0.6393229166666666 0.5115740740740741 0.0734375 0.3990740740740741
0 0.6658854166666667 0.5375 0.09739583333333333 0.4361111111111111
0 0.56015625 0.5328703703703703 0.08177083333333333 0.4046296296296296
