0 0.9565104166666667 0.475462962962963 0.04114583333333333 0.18981481481481483
0 0.82421875 0.5189814814814815 0.04739583333333333 0.2657407407407407
0 0.5419270833333333 0.5199074074074074 0.06614583333333333 0.36018518518518516
0 0.85390625 0.5763888888888888 0.0421875 0.17314814814814813
0 0.6497395833333334 0.5069444444444444 0.050520833333333334 0.22314814814814815
0 0.5768229166666666 0.5337962962962963 0.07552083333333333 0.325
0 0.7278645833333334 0.5078703703703704 0.06510416666666667 0.3509259259259259
0 0.6705729166666666 0.5319444444444444 0.06302083333333333 0.28425925925925927
0 0.59609375 0.5152777777777777 0.11614583333333334 0.48055555555555557
0 0.51328125 0.5199074074074074 0.0796875 0.44907407407407407
0 0.4627604166666667 0.5578703703703703 0.11822916666666666 0.5287037037037037
0 0.38619791666666664 0.549537037037037 0.09010416666666667 0.4861111111111111
0 0.9497395833333333 0.4912037037037037 0.044270833333333336 0.19907407407407407
