0 0.90546875 0.4847222222222222 0.05364583333333333 0.22314814814814815
0 0.78671875 0.5125 0.04739583333333333 0.24537037037037038
0 0.42734375 0.5273148148148148 0.0765625 0.3712962962962963
0 0.7705729166666667 0.5671296296296297 0.04010416666666667 0.16203703703703703
0 0.42682291666666666 0.5393518518518519 0.08177083333333333 0.3768518518518518
0 0.61796875 0.5143518518518518 0.0828125 0.4009259259259259
0 0.5466145833333333 0.5486111111111112 0.0796875 0.3398148148148148
0 0.38359375 0.5328703703703703 0.13489583333333333 0.5712962962962963
0 0.30859375 0.5375 0.10989583333333333 0.5435185185185185
0 0.14348958333333334 0.5875 0.1484375 0.6768518518518518
0 0.8596354166666667 0.4949074074074074 0.043229166666666666 0.2101851851851852
