0 0.8606770833333334 0.5449074074074074 0.059895833333333336 0.21388888888888888
0 0.7236979166666667 0.5013888888888889 0.058854166666666666 0.2861111111111111
0 0.9049479166666666 0.5773148148148148 0.04635416666666667 0.1935185185185185
0 0.6486979166666667 0.5171296296296296 0.0671875 0.287962962962963
0 0.76796875 0.5097222222222222 0.0640625 0.27685185185185185
0 0.86015625 0.4976851851851852 0.050520833333333334 0.275
0 0.8075520833333333 0.513425925925926 0.04114583333333333 0.2212962962962963
0 0.7627604166666667 0.5050925925925925 0.07239583333333334 0.35648148148148145
0 0.6950520833333333 0.5087962962962963 0.0703125 0.3490740740740741
0 0.7700520833333333 0.524537037037037 0.08697916666666666 0.38425925925925924
0 0.6377604166666667 0.5254629629629629 0.0765625 0.36018518518518516
