0 0.89453125 0.4875 0.05677083333333333 0.22870370370370371
0 0.7794270833333333 0.5115740740740741 0.04739583333333333 0.23981481481481481
0 0.40286458333333336 0.5291666666666667 0.0796875 0.375
0 0.75859375 0.5662037037037037 0.0390625 0.16018518518518518
0 0.17213541666666668 0.49583333333333335 0.2994791666666667 0.9898148148148148
0 0.38203125 0.5467592592592593 0.09010416666666667 0.36944444444444446
0 0.58671875 0.5171296296296296 0.0890625 0.41388888888888886
0 0.5138020833333333 0.5523148148148148 0.0828125 0.3509259259259259
0 0.32265625 0.5393518518518519 0.1421875 0.6101851851851852
0 0.24609375 0.5421296296296296 0.1140625 0.5675925925925925
0 0.07161458333333333 0.5967592592592592 0.1421875 0.7212962962962963
0 0.8377604166666667 0.49583333333333335 0.043229166666666666 0.21203703703703702
