0 0.36744791666666665 0.5699074074074074 0.22552083333333334 0.8527777777777777
0 0.8346354166666666 0.4930555555555556 0.0703125 0.2657407407407407
0 0.7424479166666667 0.513425925925926 0.04635416666666667 0.2212962962962963
0 0.30442708333333335 0.5356481481481481 0.08489583333333334 0.36944444444444446
0 0.7111979166666667 0.5615740740740741 0.0359375 0.15092592592592594
0 0.5861979166666667 0.5013888888888889 0.20677083333333332 0.9935185185185185
0 0.23411458333333332 0.5504629629629629 0.07552083333333333 0.35462962962962963
0 0.34609375 0.5337962962962963 0.1015625 0.5101851851851852
0 0.28151041666666665 0.5800925925925926 0.1015625 0.425
0 0.7393229166666667 0.4976851851851852 0.0484375 0.21574074074074073
