0 0.9044270833333333 0.49212962962962964 0.04114583333333333 0.21944444444444444
0 0.5393229166666667 0.5347222222222222 0.1109375 0.475
0 0.6341145833333334 0.5087962962962963 0.03177083333333333 0.1787037037037037
0 0.33880208333333334 0.5365740740740741 0.09322916666666667 0.5231481481481481
0 0.9325520833333333 0.49675925925925923 0.03697916666666667 0.2064814814814815
0 0.9606770833333333 0.5032407407407408 0.030729166666666665 0.1712962962962963
0 0.90859375 0.4949074074074074 0.05364583333333333 0.25833333333333336
0 0.8221354166666667 0.4976851851851852 0.05572916666666667 0.2490740740740741
0 0.8950520833333333 0.5078703703703704 0.0640625 0.25462962962962965
0 0.8346354166666666 0.5078703703703704 0.0578125 0.24351851851851852
