0 0.9455729166666667 0.5143518518518518 0.04010416666666667 0.30833333333333335
0 0.85859375 0.4986111111111111 0.04739583333333333 0.2361111111111111
0 0.93046875 0.5828703703703704 0.0515625 0.21203703703703702
0 0.6080729166666666 0.5310185185185186 0.08385416666666666 0.3861111111111111
0 0.05234375 0.5763888888888888 0.10364583333333334 0.7175925925925926
0 0.8955729166666667 0.5032407407407408 0.05260416666666667 0.23425925925925925
0 0.9622395833333334 0.4847222222222222 0.0359375 0.22314814814814815
0 0.9216145833333333 0.5069444444444444 0.0359375 0.1935185185185185
0 0.84921875 0.500462962962963 0.0640625 0.28425925925925927
0 0.76015625 0.5023148148148148 0.0609375 0.287962962962963
0 0.83203125 0.5143518518518518 0.0671875 0.2861111111111111
0 0.7768229166666667 0.5143518518518518 0.06510416666666667 0.2638888888888889
