0 0.94609375 0.4773148148148148 0.043229166666666666 0.19722222222222222
0 0.8169270833333333 0.5189814814814815 0.04739583333333333 0.262037037037037
0 0.51796875 0.5217592592592593 0.06822916666666666 0.3638888888888889
0 0.8325520833333333 0.575462962962963 0.04114583333333333 0.1675925925925926
0 0.6455729166666667 0.5060185185185185 0.050520833333333334 0.2212962962962963
0 0.5455729166666666 0.5365740740740741 0.08177083333333333 0.33796296296296297
0 0.71171875 0.5087962962962963 0.06822916666666666 0.36018518518518516
0 0.65234375 0.5356481481481481 0.06614583333333333 0.2953703703703704
0 0.5669270833333333 0.5162037037037037 0.12239583333333333 0.5009259259259259
0 0.47265625 0.5236111111111111 0.0859375 0.4675925925925926
0 0.39921875 0.5625 0.1265625 0.5527777777777778
0 0.3268229166666667 0.5523148148148148 0.08802083333333334 0.5101851851851852
0 0.9372395833333333 0.49212962962962964 0.044270833333333336 0.20092592592592592
