0 0.8622395833333333 0.5125 0.06302083333333333 0.2675925925925926
0 0.78828125 0.5032407407407408 0.05260416666666667 0.25277777777777777
0 0.89609375 0.5791666666666667 0.0453125 0.20092592592592592
0 0.63515625 0.5171296296296296 0.0734375 0.3138888888888889
0 0.8450520833333334 0.5078703703703704 0.0515625 0.25833333333333336
0 0.9205729166666666 0.4912037037037037 0.04635416666666667 0.2361111111111111
0 0.8606770833333334 0.5106481481481482 0.0390625 0.20833333333333334
0 0.79453125 0.5023148148148148 0.0734375 0.3138888888888889
0 0.73984375 0.5041666666666667 0.06614583333333333 0.30648148148148147
0 0.7903645833333334 0.5226851851851851 0.07552083333333333 0.3398148148148148
0 0.7028645833333333 0.5199074074074074 0.07135416666666666 0.31203703703703706
