0 0.26588541666666665 0.5523148148148148 0.2140625 0.887962962962963
0 0.8513020833333333 0.4949074074074074 0.06614583333333333 0.25462962962962965
0 0.7518229166666667 0.513425925925926 0.04635416666666667 0.225
0 0.31953125 0.5347222222222222 0.0859375 0.375
0 0.7200520833333334 0.5652777777777778 0.03697916666666667 0.15092592592592594
0 0.5330729166666667 0.4976851851851852 0.20052083333333334 0.9898148148148148
0 0.26119791666666664 0.5513888888888889 0.0734375 0.3675925925925926
0 0.42526041666666664 0.5291666666666667 0.09947916666666666 0.4861111111111111
0 0.3419270833333333 0.5726851851851852 0.09739583333333333 0.4064814814814815
0 0.08671875 0.5643518518518519 0.17239583333333333 0.7712962962962963
0 0.7627604166666667 0.4976851851851852 0.0453125 0.21574074074074073
