0 0.88203125 0.48935185185185187 0.058854166666666666 0.2361111111111111
0 0.77109375 0.5115740740740741 0.04739583333333333 0.2361111111111111
0 0.37526041666666665 0.5319444444444444 0.0828125 0.3768518518518518
0 0.74609375 0.5662037037037037 0.0390625 0.15648148148148147
0 0.30807291666666664 0.4976851851851852 0.28177083333333336 0.9935185185185185
0 0.3419270833333333 0.549537037037037 0.08489583333333334 0.3712962962962963
0 0.54765625 0.5199074074074074 0.09427083333333333 0.4305555555555556
0 0.46901041666666665 0.5578703703703703 0.08697916666666666 0.36574074074074076
0 0.25234375 0.5467592592592593 0.1515625 0.6583333333333333
0 0.17526041666666667 0.5486111111111112 0.11822916666666666 0.5916666666666667
0 0.81328125 0.49675925925925923 0.0421875 0.21388888888888888
